99 2401
1 88 0 91 1
1 71 1 77 0
1 33 1 91 0
1 57 1 58 0
1 26 1 68 0
1 69 0 87 1
1 53 0 67 1
1 16 0 80 1
1 47 0 77 1
1 71 0 98 1
1 37 1 67 0
1 19 0 79 1
1 45 1 71 0
1 55 0 64 1
1 9 1 58 0
1 4 1 30 0
1 82 0 86 1
1 7 0 12 1
1 18 0 22 1
1 24 1 45 0
1 6 0 30 1
1 55 0 59 1
1 12 1 66 0
1 11 0 53 1
1 53 1 70 0
1 8 1 37 0
1 63 0 66 1
1 35 1 43 0
1 22 0 60 1
1 21 0 57 1
1 14 0 25 1
1 64 1 89 0
1 6 1 9 0
1 23 1 38 0
1 23 1 65 0
1 9 1 27 0
1 62 1 65 0
1 3 0 29 1
1 37 0 74 1
1 3 0 14 1
1 83 1 88 0
1 16 0 76 1
1 37 0 85 1
1 39 0 98 1
1 21 1 41 0
1 2 0 71 1
1 12 1 14 0
1 37 0 91 1
1 63 1 71 0
1 12 0 33 1
1 54 0 81 1
1 89 0 93 1
1 26 1 39 0
1 63 0 92 1
1 53 1 80 0
1 58 0 89 1
1 30 1 45 0
1 50 0 95 1
1 39 0 78 1
1 8 0 64 1
1 6 1 32 0
1 9 1 67 0
1 33 0 56 1
1 66 1 80 0
1 38 1 66 0
1 76 0 86 1
1 41 0 59 1
1 44 0 53 1
1 6 1 80 0
1 46 0 66 1
1 55 1 68 0
1 13 1 38 0
1 60 0 86 1
1 88 0 95 1
1 54 1 91 0
1 45 1 72 0
1 41 0 80 1
1 35 1 66 0
1 24 1 30 0
1 8 0 17 1
1 60 1 95 0
1 5 0 98 1
1 14 0 92 1
1 7 0 94 1
1 47 0 74 1
1 26 0 76 1
1 28 1 34 0
1 6 0 37 1
1 5 1 61 0
1 26 1 35 0
1 50 1 80 0
1 51 1 92 0
1 40 1 54 0
1 52 0 58 1
1 33 0 49 1
1 29 0 99 1
1 7 0 82 1
1 38 0 71 1
1 19 0 31 1
1 10 0 31 1
1 33 1 54 0
1 47 0 70 1
1 2 0 75 1
1 33 1 63 0
1 41 1 67 0
1 17 0 31 1
1 14 0 85 1
1 40 1 99 0
1 25 0 50 1
1 45 0 80 1
1 41 1 57 0
1 38 0 82 1
1 20 1 28 0
1 18 1 82 0
1 34 0 62 1
1 5 1 38 0
1 9 1 71 0
1 64 0 92 1
1 1 0 54 1
1 30 0 71 1
1 21 0 94 1
1 15 0 86 1
1 10 0 98 1
1 57 1 87 0
1 59 0 92 1
1 53 1 56 0
1 15 0 87 1
1 22 1 41 0
1 1 0 7 1
1 35 0 77 1
1 55 0 70 1
1 23 0 50 1
1 47 0 51 1
1 29 0 56 1
1 81 1 88 0
1 57 0 65 1
1 41 1 63 0
1 37 0 81 1
1 1 0 95 1
1 34 1 83 0
1 30 0 66 1
1 43 0 64 1
1 23 1 45 0
1 47 0 59 1
1 3 0 24 1
1 5 0 66 1
1 45 0 96 1
1 6 1 40 0
1 10 0 32 1
1 65 0 73 1
1 25 0 44 1
1 75 1 91 0
1 34 1 97 0
1 33 0 80 1
1 24 0 98 1
1 21 1 85 0
1 54 0 58 1
1 37 1 71 0
1 5 0 62 1
1 36 0 71 1
1 36 1 64 0
1 17 1 88 0
1 24 1 95 0
1 19 1 26 0
1 10 0 45 1
1 14 0 19 1
1 73 0 83 1
1 30 0 37 1
1 72 0 83 1
1 71 0 85 1
1 51 0 80 1
1 24 0 88 1
1 42 0 44 1
1 40 1 77 0
1 11 0 59 1
1 13 1 40 0
1 43 0 50 1
1 7 0 14 1
1 19 0 90 1
1 52 1 66 0
1 22 1 83 0
1 36 0 68 1
1 8 0 46 1
1 77 0 89 1
1 9 0 38 1
1 20 0 32 1
1 31 0 61 1
1 80 0 93 1
1 22 0 31 1
1 26 0 82 1
1 37 1 83 0
1 23 0 85 1
1 63 1 97 0
1 29 1 58 0
1 20 0 54 1
1 20 0 58 1
1 12 0 93 1
1 37 1 38 0
1 69 0 79 1
1 7 1 24 0
1 49 1 52 0
1 27 0 51 1
1 14 0 48 1
1 78 0 88 1
1 47 0 58 1
1 80 0 97 1
1 12 1 34 0
1 30 1 70 0
1 60 1 61 0
1 15 1 59 0
1 24 1 99 0
1 13 0 75 1
1 15 0 34 1
1 31 1 98 0
1 9 1 93 0
1 18 0 86 1
1 37 0 65 1
1 67 1 89 0
1 73 1 75 0
1 42 0 61 1
1 51 0 88 1
1 40 0 50 1
1 7 0 87 1
1 9 0 70 1
1 6 1 28 0
1 3 0 55 1
1 35 1 86 0
1 58 1 61 0
1 77 0 78 1
1 25 0 57 1
1 68 0 95 1
1 8 1 76 0
1 2 0 52 1
1 43 0 96 1
1 43 0 60 1
1 36 1 56 0
1 78 0 81 1
1 5 0 12 1
1 27 0 54 1
1 8 1 66 0
1 19 0 99 1
1 28 0 63 1
1 5 0 50 1
1 6 0 45 1
1 44 0 96 1
1 6 0 23 1
1 41 0 45 1
1 55 1 61 0
1 11 0 31 1
1 31 0 50 1
1 13 0 65 1
1 52 0 71 1
1 11 0 44 1
1 73 1 79 0
1 64 0 88 1
1 11 0 82 1
1 59 1 66 0
1 56 0 79 1
1 65 1 82 0
1 57 0 59 1
1 16 0 85 1
1 3 1 43 0
1 48 1 96 0
1 28 0 85 1
1 3 0 33 1
1 3 0 40 1
1 32 1 34 0
1 10 1 88 0
1 34 0 47 1
1 3 1 25 0
1 70 0 86 1
1 48 1 92 0
1 21 0 51 1
1 41 0 84 1
1 1 0 85 1
1 7 0 21 1
1 27 0 68 1
1 52 0 62 1
1 80 1 96 0
1 65 0 66 1
1 63 0 98 1
1 15 0 45 1
1 26 0 89 1
1 41 0 44 1
1 78 0 83 1
1 2 1 70 0
1 25 0 67 1
1 66 0 92 1
1 22 0 76 1
1 46 0 58 1
1 30 1 32 0
1 9 0 28 1
1 19 0 87 1
1 53 0 83 1
1 8 0 53 1
1 39 0 49 1
1 79 0 91 1
1 44 0 50 1
1 46 0 56 1
1 54 0 77 1
1 13 1 94 0
1 5 0 92 1
1 76 0 91 1
1 13 0 62 1
1 69 1 86 0
1 4 0 55 1
1 64 1 78 0
1 28 1 43 0
1 15 0 68 1
1 55 1 82 0
1 39 0 47 1
1 24 0 44 1
1 44 1 89 0
1 42 0 51 1
1 81 0 87 1
1 46 0 48 1
1 19 0 66 1
1 16 1 40 0
1 9 1 68 0
1 29 0 49 1
1 34 0 52 1
1 39 1 56 0
1 66 0 88 1
1 68 1 73 0
1 74 1 81 0
1 12 1 94 0
1 74 0 84 1
1 49 0 59 1
1 93 0 95 1
1 14 0 87 1
1 7 0 90 1
1 53 0 62 1
1 8 0 96 1
1 54 1 74 0
1 10 1 42 0
1 37 0 70 1
1 9 1 44 0
1 5 1 42 0
1 67 1 94 0
1 57 0 97 1
1 5 1 70 0
1 85 0 91 1
1 46 0 47 1
1 20 0 29 1
1 2 0 10 1
1 13 1 52 0
1 71 0 75 1
1 21 0 74 1
1 16 0 92 1
1 7 0 48 1
1 28 0 79 1
1 61 0 94 1
1 2 0 4 1
1 15 0 58 1
1 11 0 38 1
1 35 1 67 0
1 45 0 53 1
1 13 1 64 0
1 9 0 63 1
1 39 0 48 1
1 25 1 61 0
1 11 0 71 1
1 3 0 35 1
1 61 1 81 0
1 13 1 60 0
1 27 0 73 1
1 55 0 81 1
1 3 1 41 0
1 20 1 73 0
1 18 1 97 0
1 3 1 16 0
1 10 1 43 0
1 52 0 54 1
1 17 0 44 1
1 28 1 46 0
1 74 1 79 0
1 80 0 94 1
1 59 0 72 1
1 19 0 98 1
1 32 0 53 1
1 44 1 79 0
1 55 0 97 1
1 53 0 89 1
1 4 0 64 1
1 56 0 57 1
1 53 1 87 0
1 75 1 77 0
1 15 0 19 1
1 21 1 84 0
1 14 0 18 1
1 7 0 22 1
1 49 0 82 1
1 25 1 41 0
1 48 0 49 1
1 29 0 52 1
1 34 0 93 1
1 26 0 30 1
1 29 1 75 0
1 54 1 85 0
1 30 0 60 1
1 54 0 69 1
1 89 0 99 1
1 42 1 77 0
1 39 1 69 0
1 17 0 45 1
1 22 1 95 0
1 45 0 91 1
1 29 1 90 0
1 4 0 74 1
1 32 0 36 1
1 22 0 46 1
1 4 1 76 0
1 46 1 60 0
1 76 0 80 1
1 85 0 92 1
1 23 0 48 1
1 11 0 91 1
1 15 0 38 1
1 33 0 46 1
1 62 0 66 1
1 88 0 94 1
1 58 0 63 1
1 8 0 48 1
1 71 0 81 1
1 45 1 92 0
1 21 1 29 0
1 1 0 75 1
1 2 1 47 0
1 21 0 68 1
1 5 0 55 1
1 13 0 18 1
1 47 0 84 1
1 38 0 75 1
1 1 0 56 1
1 26 1 62 0
1 13 1 84 0
1 39 0 95 1
1 37 0 63 1
1 12 1 17 0
1 29 0 80 1
1 11 1 76 0
1 44 0 82 1
1 57 0 94 1
1 14 0 20 1
1 46 0 55 1
1 46 0 72 1
1 59 1 95 0
1 17 0 71 1
1 52 0 77 1
1 18 0 43 1
1 27 0 38 1
1 18 0 92 1
1 6 0 38 1
1 30 0 84 1
1 15 0 76 1
1 27 0 45 1
1 61 0 84 1
1 20 0 40 1
1 75 0 87 1
1 13 1 89 0
1 36 0 52 1
1 19 0 74 1
1 42 0 71 1
1 13 0 31 1
1 70 0 99 1
1 7 1 59 0
1 28 0 96 1
1 4 0 63 1
1 3 0 68 1
1 3 1 76 0
1 1 0 15 1
1 36 0 73 1
1 64 0 70 1
1 57 0 73 1
1 12 0 90 1
1 71 0 97 1
1 4 0 13 1
1 18 1 77 0
1 57 0 82 1
1 34 0 80 1
1 1 0 40 1
1 38 0 45 1
1 33 0 48 1
1 55 1 69 0
1 3 0 22 1
1 27 0 81 1
1 78 0 87 1
1 11 0 90 1
1 61 0 80 1
1 35 1 79 0
1 48 1 89 0
1 64 0 71 1
1 28 1 99 0
1 79 1 95 0
1 16 1 57 0
1 32 0 75 1
1 27 1 62 0
1 54 1 82 0
1 48 0 52 1
1 43 0 51 1
1 18 1 27 0
1 61 0 62 1
1 49 0 84 1
1 33 0 99 1
1 31 0 75 1
1 33 1 44 0
1 51 0 74 1
1 16 1 79 0
1 70 0 78 1
1 64 1 98 0
1 17 1 53 0
1 21 1 80 0
1 63 0 81 1
1 45 1 48 0
1 38 0 57 1
1 29 0 36 1
1 16 0 18 1
1 51 0 73 1
1 2 1 25 0
1 56 0 75 1
1 14 0 50 1
1 81 1 85 0
1 80 0 95 1
1 32 1 66 0
1 73 0 97 1
1 55 0 78 1
1 60 0 91 1
1 29 1 30 0
1 41 0 87 1
1 20 0 60 1
1 15 1 16 0
1 5 1 57 0
1 56 0 68 1
1 80 0 88 1
1 17 0 35 1
1 9 0 50 1
1 10 0 24 1
1 66 1 89 0
1 61 0 82 1
1 32 0 67 1
1 33 1 76 0
1 21 0 52 1
1 6 0 33 1
1 8 1 75 0
1 5 1 99 0
1 55 1 92 0
1 32 0 90 1
1 56 0 60 1
1 14 0 29 1
1 25 0 97 1
1 59 1 67 0
1 18 0 52 1
1 30 0 80 1
1 14 0 38 1
1 8 1 61 0
1 16 0 95 1
1 89 1 96 0
1 22 0 64 1
1 27 0 63 1
1 42 0 56 1
1 32 0 63 1
1 15 0 69 1
1 23 0 31 1
1 28 0 71 1
1 16 1 75 0
1 80 0 92 1
1 26 0 81 1
1 17 0 70 1
1 21 0 77 1
1 62 1 85 0
1 26 0 64 1
1 29 0 66 1
1 69 0 90 1
1 51 1 90 0
1 25 0 79 1
1 48 0 61 1
1 36 1 93 0
1 10 1 17 0
1 47 0 49 1
1 66 1 82 0
1 64 0 77 1
1 14 0 59 1
1 33 0 36 1
1 33 0 52 1
1 50 0 76 1
1 19 0 46 1
1 43 0 46 1
1 44 0 56 1
1 50 0 65 1
1 77 0 79 1
1 6 0 66 1
1 43 0 62 1
1 18 1 67 0
1 36 0 86 1
1 23 1 82 0
1 14 0 17 1
1 31 0 83 1
1 12 1 76 0
1 49 1 50 0
1 44 0 72 1
1 18 0 26 1
1 21 1 65 0
1 34 1 37 0
1 49 0 53 1
1 18 0 87 1
1 8 0 63 1
1 31 0 63 1
1 7 0 92 1
1 66 1 90 0
1 47 0 90 1
1 6 0 90 1
1 64 1 74 0
1 2 0 43 1
1 7 0 96 1
1 9 0 84 1
1 31 0 89 1
1 6 1 93 0
1 35 0 52 1
1 37 0 48 1
1 84 0 94 1
1 61 1 66 0
1 4 0 25 1
1 66 0 85 1
1 1 0 19 1
1 22 0 39 1
1 46 1 81 0
1 81 1 86 0
1 7 1 31 0
1 9 0 62 1
1 40 0 95 1
1 43 0 90 1
1 50 0 72 1
1 54 0 56 1
1 20 1 71 0
1 26 0 40 1
1 3 1 54 0
1 8 1 60 0
1 4 1 14 0
1 1 0 53 1
1 5 0 96 1
1 17 0 86 1
1 3 1 38 0
1 7 1 66 0
1 21 0 67 1
1 85 1 87 0
1 12 0 43 1
1 30 0 69 1
1 8 1 47 0
1 33 0 51 1
1 17 0 80 1
1 8 1 85 0
1 21 0 98 1
1 3 0 50 1
1 5 0 77 1
1 69 0 81 1
1 11 0 49 1
1 38 0 60 1
1 37 0 66 1
1 33 1 73 0
1 20 0 68 1
1 11 0 58 1
1 5 1 60 0
1 37 1 41 0
1 32 0 41 1
1 5 0 88 1
1 7 0 39 1
1 9 0 91 1
1 11 0 88 1
1 33 0 70 1
1 36 1 88 0
1 26 1 74 0
1 26 0 72 1
1 93 0 99 1
1 6 1 26 0
1 6 1 63 0
1 15 1 33 0
1 92 1 95 0
1 25 0 75 1
1 79 0 87 1
1 87 0 91 1
1 21 0 78 1
1 2 1 11 0
1 15 1 42 0
1 55 0 96 1
1 58 0 80 1
1 53 0 78 1
1 5 0 6 1
1 51 0 78 1
1 42 0 83 1
1 47 1 55 0
1 5 1 69 0
1 13 0 80 1
1 14 1 68 0
1 21 0 81 1
1 74 0 99 1
1 17 1 20 0
1 35 0 41 1
1 70 0 88 1
1 55 0 74 1
1 53 0 79 1
1 46 1 74 0
1 24 0 55 1
1 4 0 12 1
1 20 0 42 1
1 26 1 47 0
1 18 1 72 0
1 51 1 89 0
1 19 1 47 0
1 9 0 55 1
1 52 0 81 1
1 49 0 96 1
1 72 0 89 1
1 5 0 78 1
1 85 0 89 1
1 59 0 82 1
1 17 0 38 1
1 17 1 63 0
1 20 0 38 1
1 60 1 80 0
1 48 0 80 1
1 24 0 65 1
1 27 1 66 0
1 70 0 98 1
1 23 1 33 0
1 26 0 46 1
1 1 0 24 1
1 2 0 32 1
1 48 0 83 1
1 31 0 34 1
1 5 0 20 1
1 28 0 55 1
1 42 0 99 1
1 26 0 54 1
1 72 0 96 1
1 45 0 81 1
1 31 0 45 1
1 33 1 58 0
1 75 1 83 0
1 9 0 33 1
1 6 0 29 1
1 36 0 65 1
1 7 0 88 1
1 9 0 11 1
1 23 0 35 1
1 45 0 79 1
1 70 0 81 1
1 46 0 83 1
1 36 0 54 1
1 12 0 62 1
1 67 1 71 0
1 64 1 79 0
1 42 1 82 0
1 29 1 54 0
1 31 0 82 1
1 5 0 80 1
1 75 0 93 1
1 40 0 78 1
1 11 1 80 0
1 38 0 72 1
1 40 0 55 1
1 53 1 96 0
1 13 0 26 1
1 1 0 47 1
1 34 0 61 1
1 14 0 89 1
1 6 0 64 1
1 4 0 96 1
1 43 0 63 1
1 41 0 56 1
1 41 1 61 0
1 35 1 61 0
1 4 0 52 1
1 73 0 77 1
1 67 1 84 0
1 62 0 68 1
1 1 0 63 1
1 16 0 55 1
1 14 0 84 1
1 37 0 46 1
1 13 0 82 1
1 19 0 21 1
1 69 1 97 0
1 12 0 72 1
1 48 1 66 0
1 30 0 68 1
1 56 0 72 1
1 34 0 38 1
1 4 0 59 1
1 47 0 96 1
1 15 0 57 1
1 18 0 38 1
1 12 1 47 0
1 43 0 72 1
1 23 0 88 1
1 6 1 74 0
1 39 1 68 0
1 28 0 40 1
1 15 1 93 0
1 27 0 28 1
1 12 0 25 1
1 4 0 87 1
1 4 0 75 1
1 6 0 94 1
1 31 1 94 0
1 51 0 56 1
1 20 0 92 1
1 43 0 70 1
1 41 1 74 0
1 53 0 94 1
1 33 0 78 1
1 54 0 55 1
1 48 1 86 0
1 3 1 65 0
1 25 0 36 1
1 48 0 63 1
1 62 0 79 1
1 95 0 98 1
1 7 0 10 1
1 35 0 82 1
1 17 0 54 1
1 11 0 41 1
1 34 1 99 0
1 6 1 72 0
1 48 1 98 0
1 18 0 40 1
1 15 0 82 1
1 1 0 59 1
1 18 1 99 0
1 2 0 26 1
1 68 0 84 1
1 25 0 89 1
1 45 0 50 1
1 1 1 26 0
1 50 0 63 1
1 43 1 79 0
1 57 1 79 0
1 71 0 86 1
1 46 1 76 0
1 26 0 90 1
1 30 0 58 1
1 35 1 88 0
1 56 0 80 1
1 66 0 84 1
1 68 0 93 1
1 36 1 63 0
1 19 0 52 1
1 76 0 87 1
1 52 1 76 0
1 7 0 53 1
1 47 0 76 1
1 36 0 41 1
1 9 0 30 1
1 29 0 73 1
1 82 0 94 1
1 58 0 87 1
1 16 0 17 1
1 1 1 76 0
1 7 0 76 1
1 1 0 79 1
1 63 1 99 0
1 3 1 7 0
1 67 0 76 1
1 3 1 58 0
1 5 0 8 1
1 64 0 76 1
1 54 0 95 1
1 4 0 73 1
1 44 0 46 1
1 39 0 46 1
1 34 0 81 1
1 14 0 21 1
1 53 0 60 1
1 14 0 79 1
1 24 0 33 1
1 45 0 98 1
1 50 0 52 1
1 38 1 52 0
1 38 0 61 1
1 28 0 72 1
1 39 1 89 0
1 97 1 99 0
1 32 1 38 0
1 12 0 87 1
1 14 0 67 1
1 3 0 80 1
1 26 0 66 1
1 24 0 86 1
1 22 1 84 0
1 29 0 39 1
1 47 0 87 1
1 21 1 27 0
1 24 0 49 1
1 5 1 28 0
1 25 0 26 1
1 13 1 95 0
1 12 0 55 1
1 29 0 76 1
1 85 0 88 1
1 47 1 97 0
1 6 1 85 0
1 40 1 74 0
1 43 1 67 0
1 54 1 60 0
1 71 0 95 1
1 12 0 30 1
1 8 0 55 1
1 43 1 89 0
1 49 0 64 1
1 22 0 59 1
1 71 1 72 0
1 5 1 91 0
1 72 0 92 1
1 51 0 95 1
1 16 1 58 0
1 23 0 84 1
1 10 0 78 1
1 12 0 18 1
1 21 1 83 0
1 42 0 55 1
1 60 0 88 1
1 38 0 42 1
1 69 0 72 1
1 54 1 72 0
1 25 1 47 0
1 8 0 18 1
1 13 0 86 1
1 33 1 74 0
1 19 0 91 1
1 76 1 79 0
1 57 0 81 1
1 48 0 65 1
1 75 0 78 1
1 60 1 73 0
1 6 0 16 1
1 9 0 94 1
1 53 0 59 1
1 41 1 95 0
1 87 1 97 0
1 35 0 59 1
1 35 0 85 1
1 76 1 83 0
1 20 0 95 1
1 6 0 39 1
1 26 1 60 0
1 52 0 55 1
1 38 1 88 0
1 44 1 65 0
1 55 0 87 1
1 53 0 54 1
1 14 0 69 1
1 51 1 67 0
1 63 1 89 0
1 4 1 6 0
1 16 0 20 1
1 6 0 13 1
1 8 0 93 1
1 18 1 33 0
1 39 0 88 1
1 19 1 32 0
1 59 0 75 1
1 66 0 72 1
1 56 0 92 1
1 58 1 86 0
1 49 0 78 1
1 38 0 50 1
1 51 1 55 0
1 69 0 71 1
1 19 0 67 1
1 25 1 45 0
1 26 0 95 1
1 20 0 84 1
1 58 0 95 1
1 15 1 18 0
1 24 0 87 1
1 8 0 92 1
1 48 1 58 0
1 33 0 50 1
1 17 0 94 1
1 26 1 65 0
1 72 0 94 1
1 47 1 73 0
1 27 1 90 0
1 22 1 85 0
1 58 1 78 0
1 26 0 78 1
1 52 1 70 0
1 19 0 89 1
1 24 0 78 1
1 34 0 77 1
1 10 1 51 0
1 88 0 96 1
1 6 1 86 0
1 29 0 69 1
1 63 1 96 0
1 37 0 51 1
1 50 0 61 1
1 59 0 60 1
1 50 1 74 0
1 64 1 91 0
1 8 1 79 0
1 12 1 74 0
1 36 0 81 1
1 72 0 95 1
1 38 0 76 1
1 64 0 87 1
1 29 1 98 0
1 42 1 48 0
1 50 0 69 1
1 12 0 20 1
1 13 0 35 1
1 49 0 67 1
1 88 0 99 1
1 30 1 51 0
1 17 0 97 1
1 34 0 44 1
1 2 0 88 1
1 22 1 51 0
1 18 0 89 1
1 40 1 45 0
1 30 1 78 0
1 38 0 98 1
1 7 1 8 0
1 14 0 60 1
1 1 0 11 1
1 50 0 88 1
1 89 0 91 1
1 50 0 66 1
1 49 1 87 0
1 1 0 82 1
1 3 1 9 0
1 25 0 95 1
1 14 0 56 1
1 15 0 51 1
1 51 0 94 1
1 7 1 69 0
1 13 0 77 1
1 12 0 52 1
1 30 1 97 0
1 32 0 87 1
1 20 1 53 0
1 2 1 99 0
1 81 0 83 1
1 40 1 59 0
1 26 1 41 0
1 11 0 32 1
1 25 0 76 1
1 44 1 66 0
1 55 1 98 0
1 41 1 70 0
1 16 0 63 1
1 45 0 56 1
1 43 0 52 1
1 36 0 47 1
1 13 0 72 1
1 26 0 71 1
1 53 1 75 0
1 18 0 93 1
1 16 1 66 0
1 17 1 32 0
1 27 1 55 0
1 20 1 45 0
1 30 0 61 1
1 1 1 32 0
1 31 1 62 0
1 39 1 83 0
1 38 1 95 0
1 12 0 53 1
1 36 0 40 1
1 10 0 36 1
1 29 0 51 1
1 40 0 44 1
1 23 1 52 0
1 41 1 82 0
1 43 0 98 1
1 27 1 75 0
1 7 0 71 1
1 39 1 72 0
1 35 1 50 0
1 38 1 65 0
1 90 0 97 1
1 6 0 79 1
1 10 0 91 1
1 50 0 73 1
1 43 1 88 0
1 35 0 60 1
1 70 1 87 0
1 23 0 99 1
1 19 0 58 1
1 13 1 55 0
1 37 0 62 1
1 26 1 53 0
1 43 1 59 0
1 1 0 48 1
1 10 0 21 1
1 21 1 82 0
1 4 0 60 1
1 5 0 90 1
1 22 0 87 1
1 30 1 96 0
1 77 0 99 1
1 60 0 77 1
1 5 0 52 1
1 6 1 48 0
1 36 0 75 1
1 5 0 67 1
1 48 1 57 0
1 26 0 94 1
1 29 0 97 1
1 17 1 41 0
1 41 0 85 1
1 37 1 99 0
1 62 0 73 1
1 60 0 65 1
1 31 0 66 1
1 83 0 94 1
1 71 0 88 1
1 49 0 98 1
1 58 1 75 0
1 36 0 85 1
1 36 1 51 0
1 54 0 71 1
1 35 1 48 0
1 56 1 85 0
1 59 0 89 1
1 76 0 77 1
1 24 0 27 1
1 38 0 86 1
1 82 0 89 1
1 15 1 50 0
1 34 1 85 0
1 93 0 94 1
1 28 0 64 1
1 74 0 75 1
1 47 1 93 0
1 8 0 43 1
1 4 0 22 1
1 6 0 60 1
1 24 1 62 0
1 31 0 58 1
1 61 0 71 1
1 17 1 18 0
1 18 1 32 0
1 8 0 32 1
1 47 1 79 0
1 63 0 67 1
1 56 0 69 1
1 28 0 93 1
1 36 0 82 1
1 7 0 70 1
1 39 0 84 1
1 56 1 93 0
1 11 0 47 1
1 8 0 65 1
1 82 0 96 1
1 54 0 96 1
1 70 0 73 1
1 85 1 95 0
1 65 1 96 0
1 4 1 67 0
1 57 0 66 1
1 29 0 91 1
1 24 0 80 1
1 36 1 66 0
1 23 0 42 1
1 65 0 75 1
1 21 0 91 1
1 21 0 73 1
1 10 0 15 1
1 46 1 65 0
1 81 0 90 1
1 21 0 47 1
1 45 1 75 0
1 68 0 76 1
1 41 0 93 1
1 10 0 13 1
1 18 1 91 0
1 30 0 55 1
1 12 1 24 0
1 14 1 28 0
1 23 0 59 1
1 2 1 60 0
1 62 0 93 1
1 28 0 84 1
1 82 1 93 0
1 31 1 46 0
1 33 1 83 0
1 46 0 73 1
1 8 0 44 1
1 16 0 27 1
1 3 0 77 1
1 83 0 90 1
1 65 1 85 0
1 11 0 77 1
1 14 0 44 1
1 38 0 92 1
1 67 0 90 1
1 34 0 89 1
1 31 1 70 0
1 3 0 61 1
1 88 0 98 1
1 1 1 3 0
1 19 0 86 1
1 33 0 72 1
1 75 0 82 1
1 5 0 39 1
1 76 1 81 0
1 55 0 72 1
1 23 0 49 1
1 15 0 39 1
1 80 0 82 1
1 2 0 14 1
1 38 1 39 0
1 86 0 87 1
1 46 1 62 0
1 13 0 59 1
1 35 0 53 1
1 31 0 76 1
1 10 0 85 1
1 21 1 44 0
1 75 0 94 1
1 66 0 95 1
1 54 0 93 1
1 54 0 79 1
1 17 0 72 1
1 2 0 48 1
1 38 0 43 1
1 64 0 72 1
1 20 0 75 1
1 58 0 73 1
1 3 1 73 0
1 49 1 69 0
1 13 0 25 1
1 28 0 48 1
1 15 1 40 0
1 9 0 79 1
1 22 1 52 0
1 2 0 78 1
1 43 1 95 0
1 58 0 84 1
1 22 0 57 1
1 58 0 77 1
1 3 1 49 0
1 12 0 59 1
1 34 1 84 0
1 1 0 20 1
1 82 1 83 0
1 75 0 76 1
1 14 0 94 1
1 56 0 95 1
1 1 1 5 0
1 7 0 99 1
1 17 0 98 1
1 71 0 89 1
1 14 0 52 1
1 37 0 93 1
1 69 0 85 1
1 83 0 89 1
1 32 0 94 1
1 29 0 48 1
1 40 0 43 1
1 49 1 63 0
1 38 0 41 1
1 21 0 64 1
1 49 1 55 0
1 45 1 97 0
1 31 0 90 1
1 36 0 60 1
1 6 1 88 0
1 66 0 98 1
1 54 0 75 1
1 14 0 72 1
1 30 0 52 1
1 1 1 21 0
1 22 1 71 0
1 66 0 73 1
1 27 0 98 1
1 23 0 74 1
1 9 0 22 1
1 85 0 94 1
1 3 0 17 1
1 13 0 33 1
1 73 0 81 1
1 42 0 96 1
1 12 0 97 1
1 47 0 66 1
1 41 0 92 1
1 68 1 74 0
1 11 0 61 1
1 16 1 91 0
1 29 0 93 1
1 5 0 30 1
1 33 0 77 1
1 10 0 52 1
1 30 0 83 1
1 67 0 95 1
1 11 0 70 1
1 68 0 92 1
1 59 0 69 1
1 31 1 77 0
1 77 0 84 1
1 34 1 68 0
1 28 0 94 1
1 3 0 72 1
1 3 0 53 1
1 11 0 84 1
1 4 0 15 1
1 42 1 97 0
1 26 0 97 1
1 55 1 93 0
1 5 0 14 1
1 14 0 39 1
1 8 1 36 0
1 17 0 77 1
1 11 1 67 0
1 64 0 84 1
1 18 1 85 0
1 2 0 89 1
1 86 1 90 0
1 13 1 70 0
1 28 0 92 1
1 70 1 76 0
1 37 1 68 0
1 10 0 48 1
1 14 1 31 0
1 20 0 99 1
1 44 1 45 0
1 19 1 23 0
1 69 0 89 1
1 28 0 73 1
1 38 0 49 1
1 40 0 68 1
1 62 0 64 1
1 62 1 88 0
1 1 1 78 0
1 24 1 41 0
1 50 0 71 1
1 29 1 38 0
1 31 0 39 1
1 21 1 99 0
1 7 0 67 1
1 14 1 24 0
1 86 1 92 0
1 53 0 65 1
1 10 0 19 1
1 27 1 43 0
1 31 0 57 1
1 52 0 79 1
1 14 0 62 1
1 11 0 97 1
1 46 0 49 1
1 25 1 42 0
1 33 0 79 1
1 71 1 93 0
1 4 0 85 1
1 23 0 32 1
1 7 1 79 0
1 23 1 93 0
1 22 1 73 0
1 7 1 13 0
1 22 0 67 1
1 2 1 5 0
1 18 0 81 1
1 55 0 85 1
1 2 1 21 0
1 70 0 92 1
1 14 0 47 1
1 25 0 93 1
1 35 0 62 1
1 1 1 50 0
1 22 1 30 0
1 4 0 32 1
1 79 0 98 1
1 32 0 52 1
1 16 0 30 1
1 15 1 47 0
1 72 1 82 0
1 24 1 46 0
1 19 0 48 1
1 59 0 68 1
1 15 0 61 1
1 5 1 25 0
1 36 0 91 1
1 27 1 47 0
1 21 0 88 1
1 44 0 48 1
1 11 0 20 1
1 26 0 58 1
1 62 1 90 0
1 50 1 59 0
1 1 0 77 1
1 16 0 82 1
1 30 0 92 1
1 31 0 44 1
1 58 1 70 0
1 15 1 27 0
1 5 0 40 1
1 61 0 86 1
1 36 0 67 1
1 36 0 94 1
1 25 1 91 0
1 8 0 25 1
1 19 0 80 1
1 1 1 68 0
1 46 1 59 0
1 20 1 93 0
1 15 1 31 0
1 35 1 44 0
1 25 0 60 1
1 71 1 80 0
1 52 0 75 1
1 32 0 71 1
1 8 0 45 1
1 81 0 95 1
1 3 0 52 1
1 11 1 45 0
1 43 0 76 1
1 19 1 55 0
1 87 0 96 1
1 56 1 64 0
1 68 1 94 0
1 3 1 63 0
1 9 0 20 1
1 34 0 70 1
1 40 0 60 1
1 72 1 87 0
1 20 0 26 1
1 69 0 75 1
1 44 1 81 0
1 92 0 93 1
1 12 0 60 1
1 59 0 74 1
1 8 0 15 1
1 41 1 90 0
1 53 1 95 0
1 58 0 68 1
1 33 0 37 1
1 21 1 63 0
1 11 0 52 1
1 29 0 32 1
1 12 0 44 1
1 38 0 79 1
1 5 0 9 1
1 73 0 98 1
1 13 1 20 0
1 17 0 29 1
1 23 0 66 1
1 52 0 82 1
1 15 0 35 1
1 6 1 17 0
1 62 0 84 1
1 37 0 39 1
1 56 0 82 1
1 3 0 4 1
1 53 0 99 1
1 19 0 44 1
1 4 0 17 1
1 22 1 89 0
1 28 1 30 0
1 3 0 23 1
1 54 0 99 1
1 43 0 75 1
1 11 0 50 1
1 13 1 68 0
1 6 0 53 1
1 20 1 59 0
1 3 1 60 0
1 68 1 82 0
1 27 1 40 0
1 31 0 79 1
1 1 1 31 0
1 40 0 56 1
1 60 1 70 0
1 39 0 54 1
1 42 0 76 1
1 53 0 97 1
1 27 0 42 1
1 12 1 16 0
1 30 1 57 0
1 57 0 76 1
1 24 1 61 0
1 68 1 78 0
1 84 0 91 1
1 54 0 89 1
1 8 0 21 1
1 24 0 93 1
1 5 1 48 0
1 6 1 8 0
1 22 0 77 1
1 1 0 57 1
1 52 0 74 1
1 93 0 98 1
1 21 0 95 1
1 7 0 25 1
1 2 1 82 0
1 64 0 73 1
1 23 0 94 1
1 1 0 23 1
1 31 0 38 1
1 2 0 37 1
1 52 0 72 1
1 34 0 94 1
1 59 1 77 0
1 13 0 29 1
1 8 1 52 0
1 74 0 90 1
1 15 0 64 1
1 51 0 97 1
1 78 0 98 1
1 73 0 76 1
1 54 1 57 0
1 36 0 97 1
1 23 0 72 1
1 55 0 60 1
1 51 0 65 1
1 9 0 26 1
1 19 1 38 0
1 56 0 71 1
1 40 0 53 1
1 2 0 16 1
1 7 0 61 1
1 15 0 67 1
1 91 1 99 0
1 56 0 74 1
1 8 0 78 1
1 10 0 68 1
1 25 1 78 0
1 19 0 62 1
1 9 0 66 1
1 8 1 34 0
1 4 0 93 1
1 53 0 69 1
1 75 0 92 1
1 49 0 88 1
1 24 0 97 1
1 51 1 52 0
1 56 0 87 1
1 27 0 48 1
1 43 1 47 0
1 13 0 76 1
1 60 1 93 0
1 15 1 83 0
1 47 0 68 1
1 46 0 85 1
1 60 0 94 1
1 54 0 70 1
1 1 0 81 1
1 39 1 41 0
1 26 0 44 1
1 59 0 81 1
1 30 1 34 0
1 10 0 22 1
1 11 0 21 1
1 6 0 78 1
1 76 1 95 0
1 13 1 97 0
1 20 0 82 1
1 8 1 84 0
1 12 0 39 1
1 29 0 43 1
1 27 0 34 1
1 35 1 95 0
1 63 0 73 1
1 17 1 83 0
1 47 0 94 1
1 7 0 75 1
1 11 0 95 1
1 65 1 83 0
1 1 0 67 1
1 50 0 77 1
1 1 1 43 0
1 11 0 33 1
1 2 0 29 1
1 9 0 41 1
1 50 0 55 1
1 25 1 85 0
1 10 0 40 1
1 1 0 33 1
1 60 0 62 1
1 31 0 67 1
1 57 1 93 0
1 21 0 96 1
1 77 1 96 0
1 15 0 48 1
1 21 0 55 1
1 60 1 71 0
1 75 0 97 1
1 28 0 69 1
1 38 0 90 1
1 67 0 98 1
1 34 1 55 0
1 34 0 54 1
1 3 0 57 1
1 62 1 86 0
1 12 0 42 1
1 80 1 90 0
1 50 0 83 1
1 23 1 89 0
1 17 1 34 0
1 14 0 66 1
1 4 0 84 1
1 2 1 51 0
1 22 0 27 1
1 1 0 45 1
1 55 0 63 1
1 23 0 98 1
1 10 0 65 1
1 65 0 74 1
1 29 0 47 1
1 56 1 91 0
1 57 0 70 1
1 42 0 43 1
1 12 0 82 1
1 34 0 35 1
1 27 0 96 1
1 24 0 47 1
1 57 0 80 1
1 60 0 76 1
1 38 0 55 1
1 36 1 99 0
1 10 1 72 0
1 56 1 98 0
1 58 0 67 1
1 17 1 19 0
1 27 0 44 1
1 17 0 36 1
1 2 0 35 1
1 39 1 59 0
1 20 0 70 1
1 49 1 93 0
1 31 0 52 1
1 30 0 63 1
1 34 0 76 1
1 49 0 81 1
1 50 1 79 0
1 60 0 98 1
1 12 0 45 1
1 48 1 85 0
1 63 0 78 1
1 3 1 62 0
1 64 1 82 0
1 51 0 68 1
1 94 0 99 1
1 29 1 34 0
1 6 0 15 1
1 7 0 65 1
1 19 0 54 1
1 38 0 63 1
1 28 0 88 1
1 1 0 88 1
1 11 1 94 0
1 46 0 88 1
1 63 1 76 0
1 31 1 92 0
1 2 0 77 1
1 47 1 86 0
1 23 0 56 1
1 33 1 55 0
1 37 1 96 0
1 69 0 83 1
1 73 0 84 1
1 42 0 98 1
1 2 1 8 0
1 27 0 46 1
1 80 0 83 1
1 77 0 91 1
1 42 0 63 1
1 40 0 42 1
1 35 1 46 0
1 7 1 64 0
1 1 0 89 1
1 47 1 82 0
1 52 0 90 1
1 10 0 81 1
1 9 0 16 1
1 18 0 62 1
1 92 1 98 0
1 7 1 55 0
1 10 1 33 0
1 46 1 77 0
1 33 0 88 1
1 9 1 54 0
1 13 0 16 1
1 33 0 40 1
1 9 1 98 0
1 41 0 65 1
1 63 0 83 1
1 40 0 85 1
1 37 1 54 0
1 11 0 26 1
1 15 1 84 0
1 48 1 72 0
1 2 0 39 1
1 32 1 74 0
1 4 0 18 1
1 67 0 75 1
1 87 0 88 1
1 2 0 94 1
1 21 0 76 1
1 44 0 59 1
1 63 0 69 1
1 56 0 96 1
1 42 1 70 0
1 15 1 44 0
1 10 0 99 1
1 7 0 56 1
1 48 0 82 1
1 75 0 85 1
1 7 0 19 1
1 27 0 32 1
1 24 0 91 1
1 31 0 51 1
1 49 1 80 0
1 23 1 64 0
1 21 0 42 1
1 69 1 98 0
1 30 1 53 0
1 10 0 67 1
1 66 1 87 0
1 27 1 74 0
1 28 0 41 1
1 40 0 76 1
1 15 1 46 0
1 44 0 58 1
1 3 0 95 1
1 2 0 31 1
1 41 1 64 0
1 54 1 62 0
1 68 0 79 1
1 55 0 83 1
1 46 1 71 0
1 9 0 89 1
1 2 1 96 0
1 20 0 86 1
1 16 1 59 0
1 65 0 81 1
1 42 0 74 1
1 2 1 76 0
1 5 1 79 0
1 32 0 86 1
1 12 1 92 0
1 32 1 47 0
1 29 1 57 0
1 29 0 84 1
1 8 1 95 0
1 17 1 60 0
1 58 0 59 1
1 69 1 70 0
1 51 0 82 1
1 26 0 73 1
1 5 0 68 1
1 29 0 65 1
1 49 0 94 1
1 55 0 67 1
1 6 1 27 0
1 18 1 76 0
1 93 0 97 1
1 22 0 58 1
1 10 1 49 0
1 63 0 65 1
1 25 1 31 0
1 56 0 73 1
1 28 1 78 0
1 4 0 47 1
1 4 1 33 0
1 41 0 42 1
1 57 1 78 0
1 2 1 50 0
1 6 1 11 0
1 20 0 90 1
1 51 0 54 1
1 15 0 97 1
1 2 1 23 0
1 22 0 40 1
1 39 0 57 1
1 51 0 64 1
1 29 0 45 1
1 23 1 25 0
1 24 0 36 1
1 7 0 68 1
1 11 1 98 0
1 19 0 97 1
1 32 0 56 1
1 45 0 55 1
1 53 0 73 1
1 25 1 87 0
1 23 0 67 1
1 14 0 15 1
1 58 0 98 1
1 13 0 24 1
1 13 1 93 0
1 59 1 85 0
1 40 1 49 0
1 27 0 95 1
1 13 0 39 1
1 32 0 54 1
1 31 0 47 1
1 53 1 55 0
1 94 0 98 1
1 30 0 73 1
1 49 1 71 0
1 71 1 83 0
1 14 0 54 1
1 22 0 92 1
1 81 1 97 0
1 6 0 19 1
1 92 1 94 0
1 87 1 99 0
1 6 0 71 1
1 4 0 28 1
1 13 0 43 1
1 37 1 80 0
1 13 1 81 0
1 39 0 93 1
1 5 1 65 0
1 72 1 97 0
1 84 0 85 1
1 35 0 39 1
1 39 0 43 1
1 22 0 96 1
1 25 0 37 1
1 18 1 53 0
1 23 0 80 1
1 32 1 96 0
1 51 0 72 1
1 35 0 49 1
1 28 0 32 1
1 64 0 96 1
1 3 1 44 0
1 10 0 69 1
1 59 0 93 1
1 6 1 68 0
1 62 1 98 0
1 12 0 27 1
1 20 1 39 0
1 71 1 96 0
1 36 0 37 1
1 16 0 62 1
1 27 0 97 1
1 21 0 61 1
1 36 1 87 0
1 57 1 84 0
1 24 0 69 1
1 39 0 81 1
1 17 0 99 1
1 34 0 67 1
1 84 1 99 0
1 44 0 61 1
1 65 0 67 1
1 56 0 78 1
1 59 0 76 1
1 39 0 66 1
1 4 0 11 1
1 13 0 78 1
1 73 0 95 1
1 1 0 49 1
1 26 0 51 1
1 52 0 83 1
1 73 0 87 1
1 33 0 68 1
1 18 0 30 1
1 49 0 51 1
1 78 0 94 1
1 22 1 63 0
1 31 0 81 1
1 32 0 50 1
1 36 1 57 0
1 48 0 60 1
1 69 1 95 0
1 19 0 75 1
1 3 0 13 1
1 6 0 55 1
1 31 1 48 0
1 13 1 42 0
1 31 0 74 1
1 86 1 97 0
1 22 1 68 0
1 48 1 55 0
1 37 0 73 1
1 4 1 53 0
1 47 0 65 1
1 34 1 56 0
1 83 1 93 0
1 50 0 81 1
1 5 0 32 1
1 17 0 96 1
1 32 0 81 1
1 58 0 90 1
1 50 0 70 1
1 12 0 67 1
1 55 0 91 1
1 70 0 82 1
1 59 0 78 1
1 75 0 84 1
1 39 1 63 0
1 40 1 91 0
1 3 0 86 1
1 48 1 77 0
1 9 0 14 1
1 3 1 93 0
1 52 1 98 0
1 32 1 55 0
1 17 1 92 0
1 4 0 5 1
1 44 0 67 1
1 56 0 62 1
1 4 0 99 1
1 11 1 56 0
1 67 0 80 1
1 30 1 87 0
1 31 0 80 1
1 24 0 81 1
1 9 1 53 0
1 46 0 54 1
1 27 0 80 1
1 12 1 78 0
1 2 0 57 1
1 23 0 68 1
1 32 0 79 1
1 73 0 80 1
1 78 0 97 1
1 61 0 85 1
1 20 0 24 1
1 15 0 53 1
1 15 0 80 1
1 36 0 58 1
1 7 0 45 1
1 4 0 83 1
1 40 1 65 0
1 37 1 78 0
1 15 0 52 1
1 15 1 26 0
1 11 1 96 0
1 22 1 42 0
1 14 0 55 1
1 27 0 83 1
1 87 1 89 0
1 11 0 27 1
1 13 0 45 1
1 39 0 70 1
1 90 0 93 1
1 82 1 97 0
1 7 1 11 0
1 9 1 45 0
1 35 1 65 0
1 40 1 47 0
1 43 1 68 0
1 22 0 38 1
1 3 0 75 1
1 58 1 96 0
1 40 0 66 1
1 20 0 44 1
1 59 0 97 1
1 64 0 69 1
1 24 0 75 1
1 50 1 87 0
1 21 0 36 1
1 65 0 72 1
1 29 1 78 0
1 67 0 74 1
1 11 0 19 1
1 92 1 97 0
1 11 0 13 1
1 85 0 93 1
1 91 0 92 1
1 4 0 78 1
1 43 0 56 1
1 20 0 36 1
1 29 0 41 1
1 6 0 36 1
1 22 0 54 1
1 33 0 39 1
1 22 0 35 1
1 39 0 86 1
1 63 1 75 0
1 37 0 95 1
1 49 1 99 0
1 13 0 58 1
1 24 1 34 0
1 4 1 20 0
1 6 1 92 0
1 7 0 95 1
1 7 1 37 0
1 63 1 64 0
1 9 1 42 0
1 29 0 64 1
1 1 0 38 1
1 44 0 74 1
1 20 1 25 0
1 21 1 56 0
1 23 1 81 0
1 35 1 40 0
1 48 0 88 1
1 19 0 64 1
1 4 1 69 0
1 23 0 47 1
1 64 0 93 1
1 48 0 68 1
1 4 1 49 0
1 83 0 84 1
1 2 0 74 1
1 3 1 97 0
1 2 0 87 1
1 41 0 75 1
1 38 0 83 1
1 67 0 77 1
1 43 0 99 1
1 33 0 86 1
1 49 0 57 1
1 47 0 85 1
1 27 0 35 1
1 35 0 70 1
1 80 0 99 1
1 21 0 86 1
1 19 0 73 1
1 37 0 90 1
1 15 0 70 1
1 13 1 74 0
1 27 0 84 1
1 18 1 25 0
1 74 0 83 1
1 6 0 47 1
1 51 1 69 0
1 26 0 80 1
1 16 0 23 1
1 58 1 76 0
1 25 1 32 0
1 13 1 88 0
1 36 0 78 1
1 22 0 70 1
1 13 0 54 1
1 19 0 65 1
1 25 1 86 0
1 60 0 85 1
1 26 1 79 0
1 77 0 98 1
1 6 1 24 0
1 40 0 92 1
1 90 0 98 1
1 10 1 39 0
1 40 0 67 1
1 61 0 74 1
1 44 1 51 0
1 28 0 82 1
1 51 0 75 1
1 14 0 81 1
1 27 0 49 1
1 45 0 47 1
1 24 1 68 0
1 4 0 95 1
1 7 0 43 1
1 38 0 89 1
1 26 0 99 1
1 85 1 86 0
1 62 1 70 0
1 14 1 97 0
1 48 1 95 0
1 10 0 37 1
1 60 1 96 0
1 10 1 55 0
1 6 1 95 0
1 65 0 71 1
1 22 0 56 1
1 45 0 60 1
1 44 0 47 1
1 39 0 90 1
1 7 1 46 0
1 61 0 93 1
1 48 0 73 1
1 28 0 80 1
1 23 1 78 0
1 17 1 39 0
1 62 0 82 1
1 18 0 84 1
1 6 0 97 1
1 26 0 75 1
1 28 0 36 1
1 2 0 19 1
1 45 0 61 1
1 11 0 22 1
1 19 0 28 1
1 55 0 73 1
1 77 1 82 0
1 3 1 96 0
1 10 0 11 1
1 49 0 77 1
1 81 1 96 0
1 4 0 34 1
1 42 1 47 0
1 13 0 71 1
1 50 0 93 1
1 28 0 59 1
1 57 1 95 0
1 65 0 91 1
1 34 1 98 0
1 8 1 74 0
1 27 1 64 0
1 40 0 62 1
1 54 1 65 0
1 6 0 14 1
1 28 0 52 1
1 41 1 83 0
1 3 0 45 1
1 63 1 87 0
1 18 0 49 1
1 31 1 91 0
1 31 1 35 0
1 57 0 62 1
1 11 0 23 1
1 13 1 23 0
1 66 1 70 0
1 39 0 40 1
1 1 0 41 1
1 1 0 30 1
1 29 0 61 1
1 47 0 88 1
1 33 0 64 1
1 18 1 88 0
1 2 1 12 0
1 41 0 62 1
1 2 0 73 1
1 40 1 72 0
1 17 0 52 1
1 13 1 67 0
1 13 1 49 0
1 39 0 74 1
1 10 0 92 1
1 5 0 37 1
1 65 0 99 1
1 33 1 62 0
1 84 0 88 1
1 10 1 97 0
1 2 0 90 1
1 5 0 29 1
1 6 0 70 1
1 34 0 90 1
1 2 0 33 1
1 44 1 93 0
1 69 0 91 1
1 19 0 82 1
1 35 0 97 1
1 35 0 36 1
1 31 0 97 1
1 11 1 66 0
1 6 1 82 0
1 4 0 9 1
1 8 0 99 1
1 24 0 58 1
1 37 0 92 1
1 46 0 57 1
1 3 0 81 1
1 27 0 31 1
1 58 1 65 0
1 6 0 50 1
1 27 0 29 1
1 15 0 56 1
1 9 0 29 1
1 6 0 77 1
1 27 0 85 1
1 1 0 37 1
1 8 0 56 1
1 63 1 79 0
1 34 0 40 1
1 5 0 47 1
1 61 0 78 1
1 34 0 69 1
1 29 0 89 1
1 38 0 56 1
1 88 0 92 1
1 57 1 64 0
1 56 0 84 1
1 85 1 99 0
1 2 1 3 0
1 3 1 10 0
1 3 1 74 0
1 14 0 78 1
1 40 0 52 1
1 63 0 85 1
1 42 0 54 1
1 57 1 96 0
1 19 1 71 0
1 12 1 80 0
1 25 1 27 0
1 54 0 92 1
1 78 0 95 1
1 58 1 72 0
1 34 0 75 1
1 84 0 90 1
1 56 0 86 1
1 6 0 81 1
1 89 0 95 1
1 79 0 90 1
1 7 0 47 1
1 46 1 96 0
1 16 0 72 1
1 65 0 84 1
1 4 1 82 0
1 40 1 96 0
1 25 0 33 1
1 27 0 56 1
1 37 0 56 1
1 1 0 69 1
1 35 1 90 0
1 82 0 84 1
1 16 0 49 1
1 51 0 61 1
1 10 1 89 0
1 2 0 24 1
1 43 0 77 1
1 7 1 78 0
1 69 1 96 0
1 16 0 67 1
1 18 1 46 0
1 1 1 83 0
1 75 0 86 1
1 25 1 90 0
1 26 0 69 1
1 41 0 53 1
1 3 0 47 1
1 51 0 93 1
1 45 1 49 0
1 49 0 97 1
1 5 0 22 1
1 24 0 56 1
1 27 0 71 1
1 24 0 53 1
1 30 0 91 1
1 5 1 31 0
1 57 0 72 1
1 15 0 54 1
1 20 0 79 1
1 68 1 70 0
1 10 0 96 1
1 10 0 74 1
1 45 0 90 1
1 60 0 63 1
1 32 1 77 0
1 40 0 81 1
1 53 0 74 1
1 5 1 74 0
1 86 0 95 1
1 25 1 63 0
1 84 0 93 1
1 17 0 84 1
1 15 0 98 1
1 25 0 96 1
1 1 0 93 1
1 20 1 88 0
1 28 0 31 1
1 18 1 79 0
1 6 0 99 1
1 16 1 37 0
1 4 0 31 1
1 58 0 69 1
1 45 1 52 0
1 37 1 60 0
1 17 1 62 0
1 8 1 22 0
1 31 0 37 1
1 69 1 73 0
1 25 1 98 0
1 7 0 52 1
1 54 0 94 1
1 70 1 89 0
1 9 0 21 1
1 38 0 73 1
1 9 0 92 1
1 44 0 91 1
1 3 0 98 1
1 42 0 78 1
1 3 1 99 0
1 35 1 99 0
1 63 0 82 1
1 30 0 89 1
1 36 1 55 0
1 45 0 51 1
1 77 0 88 1
1 39 0 71 1
1 23 0 79 1
1 24 1 90 0
1 16 0 29 1
1 47 1 98 0
1 36 0 48 1
1 19 1 84 0
1 34 0 66 1
1 74 0 80 1
1 22 1 97 0
1 19 0 30 1
1 19 0 60 1
1 53 0 92 1
1 76 1 88 0
1 32 1 68 0
1 22 0 65 1
1 14 1 95 0
1 3 0 42 1
1 37 0 58 1
1 79 0 94 1
1 27 0 50 1
1 39 0 44 1
1 42 0 72 1
1 12 0 23 1
1 46 0 75 1
1 44 0 70 1
1 4 0 35 1
1 31 0 95 1
1 8 0 57 1
1 87 0 92 1
1 44 0 49 1
1 69 1 77 0
1 9 0 12 1
1 68 1 88 0
1 28 0 66 1
1 2 0 61 1
1 72 0 98 1
1 16 0 28 1
1 70 0 95 1
1 23 0 60 1
1 6 1 20 0
1 29 0 35 1
1 30 1 41 0
1 23 0 26 1
1 26 0 48 1
1 41 0 77 1
1 6 1 31 0
1 29 0 94 1
1 35 0 68 1
1 43 0 53 1
1 64 0 94 1
1 26 0 29 1
1 17 0 50 1
1 62 0 89 1
1 7 1 40 0
1 27 0 91 1
1 81 0 99 1
1 43 1 97 0
1 20 1 33 0
1 34 0 36 1
1 26 0 77 1
1 20 0 98 1
1 38 1 68 0
1 52 0 94 1
1 43 0 94 1
1 21 0 59 1
1 53 0 68 1
1 23 0 86 1
1 60 1 68 0
1 6 0 18 1
1 65 1 90 0
1 27 0 57 1
1 2 0 40 1
1 34 0 42 1
1 3 0 20 1
1 45 1 77 0
1 36 1 89 0
1 79 0 96 1
1 91 0 93 1
1 5 1 36 0
1 31 1 54 0
1 31 0 59 1
1 33 0 71 1
1 46 1 50 0
1 10 0 61 1
1 8 0 90 1
1 7 0 81 1
1 33 1 84 0
1 66 0 67 1
1 13 1 66 0
1 28 0 89 1
1 18 1 37 0
1 67 0 99 1
1 58 1 82 0
1 54 0 90 1
1 96 1 99 0
1 60 0 82 1
1 49 0 76 1
1 54 0 64 1
1 23 1 91 0
1 14 0 64 1
1 49 0 68 1
1 60 0 75 1
1 24 0 92 1
1 51 1 87 0
1 20 0 76 1
1 8 0 58 1
1 6 1 56 0
1 41 1 50 0
1 27 0 67 1
1 7 0 89 1
1 72 0 74 1
1 59 0 91 1
1 10 1 34 0
1 7 0 74 1
1 43 0 66 1
1 29 0 55 1
1 19 0 76 1
1 63 0 88 1
1 36 0 76 1
1 15 1 41 0
1 24 1 71 0
1 48 0 91 1
1 32 0 42 1
1 31 0 72 1
