100 2450
1 1 1 2 0
1 1 1 3 0
1 1 1 4 0
1 1 1 5 0
1 1 1 6 0
1 1 1 7 0
1 1 1 8 0
1 1 1 9 0
1 1 1 10 0
1 1 1 11 0
1 1 1 12 0
1 1 1 13 0
1 1 1 14 0
1 1 1 15 0
1 1 1 16 0
1 1 1 17 0
1 1 1 18 0
1 1 1 19 0
1 1 1 20 0
1 1 1 21 0
1 1 1 22 0
1 1 1 23 0
1 1 1 24 0
1 1 1 25 0
1 1 1 26 0
1 1 1 27 0
1 1 1 28 0
1 1 1 29 0
1 1 1 30 0
1 1 1 31 0
1 1 1 32 0
1 1 1 33 0
1 1 1 34 0
1 1 1 35 0
1 1 1 36 0
1 1 1 37 0
1 1 1 38 0
1 1 1 39 0
1 1 1 40 0
1 1 1 41 0
1 1 1 42 0
1 1 1 43 0
1 1 1 44 0
1 1 1 45 0
1 1 1 46 0
1 1 1 47 0
1 1 1 48 0
1 1 1 49 0
1 1 1 50 0
1 2 0 3 1
1 2 1 4 0
1 2 0 5 1
1 2 0 6 1
1 2 0 7 1
1 2 1 8 0
1 2 1 9 0
1 2 1 10 0
1 2 1 11 0
1 2 1 12 0
1 2 0 13 1
1 2 0 14 1
1 2 0 15 1
1 2 1 16 0
1 2 1 17 0
1 2 1 18 0
1 2 0 19 1
1 2 0 20 1
1 2 1 21 0
1 2 1 22 0
1 2 1 23 0
1 2 1 24 0
1 2 0 25 1
1 2 0 26 1
1 2 0 27 1
1 2 1 28 0
1 2 1 29 0
1 2 0 30 1
1 2 0 31 1
1 2 0 32 1
1 2 1 33 0
1 2 0 34 1
1 2 1 35 0
1 2 0 36 1
1 2 0 37 1
1 2 1 38 0
1 2 1 39 0
1 2 0 40 1
1 2 1 41 0
1 2 1 42 0
1 2 1 43 0
1 2 1 44 0
1 2 0 45 1
1 2 0 46 1
1 2 1 47 0
1 2 0 48 1
1 2 0 49 1
1 2 1 50 0
1 3 1 4 0
1 3 1 5 0
1 3 0 6 1
1 3 0 7 1
1 3 0 8 1
1 3 0 9 1
1 3 1 10 0
1 3 0 11 1
1 3 0 12 1
1 3 1 13 0
1 3 0 14 1
1 3 0 15 1
1 3 1 16 0
1 3 0 17 1
1 3 0 18 1
1 3 1 19 0
1 3 1 20 0
1 3 0 21 1
1 3 0 22 1
1 3 1 23 0
1 3 0 24 1
1 3 1 25 0
1 3 1 26 0
1 3 1 27 0
1 3 1 28 0
1 3 1 29 0
1 3 1 30 0
1 3 0 31 1
1 3 0 32 1
1 3 0 33 1
1 3 1 34 0
1 3 1 35 0
1 3 1 36 0
1 3 1 37 0
1 3 1 38 0
1 3 1 39 0
1 3 1 40 0
1 3 1 41 0
1 3 1 42 0
1 3 0 43 1
1 3 1 44 0
1 3 0 45 1
1 3 1 46 0
1 3 1 47 0
1 3 1 48 0
1 3 0 49 1
1 3 0 50 1
1 4 0 5 1
1 4 1 6 0
1 4 0 7 1
1 4 0 8 1
1 4 1 9 0
1 4 1 10 0
1 4 1 11 0
1 4 0 12 1
1 4 1 13 0
1 4 1 14 0
1 4 1 15 0
1 4 1 16 0
1 4 1 17 0
1 4 1 18 0
1 4 1 19 0
1 4 1 20 0
1 4 0 21 1
1 4 1 22 0
1 4 1 23 0
1 4 1 24 0
1 4 0 25 1
1 4 0 26 1
1 4 1 27 0
1 4 1 28 0
1 4 1 29 0
1 4 1 30 0
1 4 1 31 0
1 4 1 32 0
1 4 1 33 0
1 4 1 34 0
1 4 1 35 0
1 4 0 36 1
1 4 0 37 1
1 4 1 38 0
1 4 1 39 0
1 4 0 40 1
1 4 1 41 0
1 4 1 42 0
1 4 1 43 0
1 4 0 44 1
1 4 1 45 0
1 4 0 46 1
1 4 1 47 0
1 4 1 48 0
1 4 0 49 1
1 4 1 50 0
1 5 1 6 0
1 5 1 7 0
1 5 1 8 0
1 5 0 9 1
1 5 1 10 0
1 5 1 11 0
1 5 1 12 0
1 5 1 13 0
1 5 0 14 1
1 5 0 15 1
1 5 1 16 0
1 5 1 17 0
1 5 0 18 1
1 5 0 19 1
1 5 0 20 1
1 5 0 21 1
1 5 1 22 0
1 5 0 23 1
1 5 0 24 1
1 5 0 25 1
1 5 1 26 0
1 5 1 27 0
1 5 1 28 0
1 5 1 29 0
1 5 0 30 1
1 5 0 31 1
1 5 0 32 1
1 5 0 33 1
1 5 0 34 1
1 5 0 35 1
1 5 0 36 1
1 5 0 37 1
1 5 0 38 1
1 5 1 39 0
1 5 1 40 0
1 5 0 41 1
1 5 0 42 1
1 5 0 43 1
1 5 1 44 0
1 5 1 45 0
1 5 0 46 1
1 5 1 47 0
1 5 1 48 0
1 5 1 49 0
1 5 1 50 0
1 6 0 7 1
1 6 1 8 0
1 6 0 9 1
1 6 1 10 0
1 6 1 11 0
1 6 1 12 0
1 6 1 13 0
1 6 0 14 1
1 6 0 15 1
1 6 0 16 1
1 6 0 17 1
1 6 1 18 0
1 6 0 19 1
1 6 0 20 1
1 6 1 21 0
1 6 0 22 1
1 6 1 23 0
1 6 1 24 0
1 6 0 25 1
1 6 1 26 0
1 6 1 27 0
1 6 1 28 0
1 6 1 29 0
1 6 1 30 0
1 6 1 31 0
1 6 0 32 1
1 6 0 33 1
1 6 0 34 1
1 6 1 35 0
1 6 1 36 0
1 6 0 37 1
1 6 1 38 0
1 6 0 39 1
1 6 0 40 1
1 6 0 41 1
1 6 0 42 1
1 6 0 43 1
1 6 1 44 0
1 6 1 45 0
1 6 1 46 0
1 6 1 47 0
1 6 1 48 0
1 6 1 49 0
1 6 0 50 1
1 7 1 8 0
1 7 0 9 1
1 7 1 10 0
1 7 1 11 0
1 7 0 12 1
1 7 1 13 0
1 7 0 14 1
1 7 0 15 1
1 7 1 16 0
1 7 1 17 0
1 7 1 18 0
1 7 0 19 1
1 7 0 20 1
1 7 1 21 0
1 7 0 22 1
1 7 1 23 0
1 7 1 24 0
1 7 0 25 1
1 7 0 26 1
1 7 1 27 0
1 7 1 28 0
1 7 1 29 0
1 7 1 30 0
1 7 1 31 0
1 7 0 32 1
1 7 1 33 0
1 7 0 34 1
1 7 0 35 1
1 7 0 36 1
1 7 0 37 1
1 7 1 38 0
1 7 1 39 0
1 7 0 40 1
1 7 0 41 1
1 7 1 42 0
1 7 1 43 0
1 7 0 44 1
1 7 0 45 1
1 7 0 46 1
1 7 1 47 0
1 7 0 48 1
1 7 0 49 1
1 7 0 50 1
1 8 1 9 0
1 8 0 10 1
1 8 0 11 1
1 8 1 12 0
1 8 0 13 1
1 8 0 14 1
1 8 0 15 1
1 8 1 16 0
1 8 1 17 0
1 8 1 18 0
1 8 1 19 0
1 8 0 20 1
1 8 1 21 0
1 8 0 22 1
1 8 0 23 1
1 8 0 24 1
1 8 0 25 1
1 8 0 26 1
1 8 0 27 1
1 8 0 28 1
1 8 0 29 1
1 8 1 30 0
1 8 0 31 1
1 8 0 32 1
1 8 0 33 1
1 8 0 34 1
1 8 1 35 0
1 8 0 36 1
1 8 1 37 0
1 8 0 38 1
1 8 1 39 0
1 8 0 40 1
1 8 0 41 1
1 8 0 42 1
1 8 0 43 1
1 8 1 44 0
1 8 0 45 1
1 8 1 46 0
1 8 1 47 0
1 8 0 48 1
1 8 1 49 0
1 8 1 50 0
1 9 0 10 1
1 9 1 11 0
1 9 0 12 1
1 9 1 13 0
1 9 0 14 1
1 9 0 15 1
1 9 0 16 1
1 9 0 17 1
1 9 1 18 0
1 9 1 19 0
1 9 0 20 1
1 9 1 21 0
1 9 0 22 1
1 9 1 23 0
1 9 0 24 1
1 9 0 25 1
1 9 1 26 0
1 9 1 27 0
1 9 1 28 0
1 9 0 29 1
1 9 1 30 0
1 9 1 31 0
1 9 1 32 0
1 9 1 33 0
1 9 0 34 1
1 9 0 35 1
1 9 0 36 1
1 9 1 37 0
1 9 1 38 0
1 9 0 39 1
1 9 0 40 1
1 9 0 41 1
1 9 0 42 1
1 9 0 43 1
1 9 1 44 0
1 9 0 45 1
1 9 0 46 1
1 9 0 47 1
1 9 0 48 1
1 9 1 49 0
1 9 1 50 0
1 10 1 11 0
1 10 0 12 1
1 10 0 13 1
1 10 1 14 0
1 10 0 15 1
1 10 1 16 0
1 10 0 17 1
1 10 1 18 0
1 10 0 19 1
1 10 1 20 0
1 10 0 21 1
1 10 1 22 0
1 10 0 23 1
1 10 1 24 0
1 10 0 25 1
1 10 1 26 0
1 10 0 27 1
1 10 1 28 0
1 10 0 29 1
1 10 0 30 1
1 10 1 31 0
1 10 1 32 0
1 10 0 33 1
1 10 0 34 1
1 10 0 35 1
1 10 1 36 0
1 10 0 37 1
1 10 1 38 0
1 10 0 39 1
1 10 1 40 0
1 10 1 41 0
1 10 1 42 0
1 10 0 43 1
1 10 0 44 1
1 10 0 45 1
1 10 0 46 1
1 10 0 47 1
1 10 0 48 1
1 10 0 49 1
1 10 1 50 0
1 11 0 12 1
1 11 1 13 0
1 11 1 14 0
1 11 0 15 1
1 11 0 16 1
1 11 1 17 0
1 11 0 18 1
1 11 0 19 1
1 11 1 20 0
1 11 1 21 0
1 11 1 22 0
1 11 1 23 0
1 11 0 24 1
1 11 0 25 1
1 11 1 26 0
1 11 1 27 0
1 11 0 28 1
1 11 1 29 0
1 11 0 30 1
1 11 1 31 0
1 11 0 32 1
1 11 0 33 1
1 11 1 34 0
1 11 0 35 1
1 11 1 36 0
1 11 0 37 1
1 11 0 38 1
1 11 0 39 1
1 11 1 40 0
1 11 1 41 0
1 11 1 42 0
1 11 1 43 0
1 11 1 44 0
1 11 1 45 0
1 11 0 46 1
1 11 0 47 1
1 11 1 48 0
1 11 1 49 0
1 11 0 50 1
1 12 0 13 1
1 12 1 14 0
1 12 1 15 0
1 12 1 16 0
1 12 0 17 1
1 12 1 18 0
1 12 1 19 0
1 12 1 20 0
1 12 1 21 0
1 12 1 22 0
1 12 1 23 0
1 12 0 24 1
1 12 0 25 1
1 12 1 26 0
1 12 0 27 1
1 12 1 28 0
1 12 1 29 0
1 12 0 30 1
1 12 1 31 0
1 12 1 32 0
1 12 0 33 1
1 12 1 34 0
1 12 1 35 0
1 12 0 36 1
1 12 0 37 1
1 12 1 38 0
1 12 1 39 0
1 12 0 40 1
1 12 1 41 0
1 12 1 42 0
1 12 0 43 1
1 12 1 44 0
1 12 1 45 0
1 12 0 46 1
1 12 1 47 0
1 12 1 48 0
1 12 0 49 1
1 12 1 50 0
1 13 0 14 1
1 13 0 15 1
1 13 0 16 1
1 13 1 17 0
1 13 1 18 0
1 13 0 19 1
1 13 0 20 1
1 13 1 21 0
1 13 1 22 0
1 13 1 23 0
1 13 1 24 0
1 13 0 25 1
1 13 0 26 1
1 13 1 27 0
1 13 1 28 0
1 13 1 29 0
1 13 1 30 0
1 13 1 31 0
1 13 0 32 1
1 13 0 33 1
1 13 1 34 0
1 13 0 35 1
1 13 1 36 0
1 13 1 37 0
1 13 0 38 1
1 13 0 39 1
1 13 1 40 0
1 13 0 41 1
1 13 0 42 1
1 13 0 43 1
1 13 1 44 0
1 13 1 45 0
1 13 1 46 0
1 13 0 47 1
1 13 0 48 1
1 13 0 49 1
1 13 0 50 1
1 14 0 15 1
1 14 1 16 0
1 14 1 17 0
1 14 1 18 0
1 14 1 19 0
1 14 0 20 1
1 14 0 21 1
1 14 0 22 1
1 14 0 23 1
1 14 1 24 0
1 14 0 25 1
1 14 0 26 1
1 14 0 27 1
1 14 1 28 0
1 14 0 29 1
1 14 0 30 1
1 14 1 31 0
1 14 1 32 0
1 14 1 33 0
1 14 1 34 0
1 14 0 35 1
1 14 0 36 1
1 14 1 37 0
1 14 1 38 0
1 14 1 39 0
1 14 0 40 1
1 14 0 41 1
1 14 1 42 0
1 14 0 43 1
1 14 0 44 1
1 14 0 45 1
1 14 0 46 1
1 14 0 47 1
1 14 0 48 1
1 14 1 49 0
1 14 0 50 1
1 15 0 16 1
1 15 0 17 1
1 15 1 18 0
1 15 1 19 0
1 15 1 20 0
1 15 0 21 1
1 15 0 22 1
1 15 1 23 0
1 15 1 24 0
1 15 1 25 0
1 15 0 26 1
1 15 0 27 1
1 15 0 28 1
1 15 1 29 0
1 15 1 30 0
1 15 1 31 0
1 15 1 32 0
1 15 0 33 1
1 15 0 34 1
1 15 0 35 1
1 15 1 36 0
1 15 0 37 1
1 15 0 38 1
1 15 1 39 0
1 15 1 40 0
1 15 1 41 0
1 15 1 42 0
1 15 0 43 1
1 15 0 44 1
1 15 1 45 0
1 15 1 46 0
1 15 1 47 0
1 15 0 48 1
1 15 0 49 1
1 15 1 50 0
1 16 1 17 0
1 16 0 18 1
1 16 0 19 1
1 16 0 20 1
1 16 0 21 1
1 16 1 22 0
1 16 0 23 1
1 16 1 24 0
1 16 1 25 0
1 16 0 26 1
1 16 1 27 0
1 16 1 28 0
1 16 0 29 1
1 16 1 30 0
1 16 1 31 0
1 16 0 32 1
1 16 0 33 1
1 16 0 34 1
1 16 0 35 1
1 16 0 36 1
1 16 0 37 1
1 16 0 38 1
1 16 0 39 1
1 16 0 40 1
1 16 1 41 0
1 16 0 42 1
1 16 1 43 0
1 16 1 44 0
1 16 0 45 1
1 16 0 46 1
1 16 1 47 0
1 16 0 48 1
1 16 0 49 1
1 16 1 50 0
1 17 1 18 0
1 17 1 19 0
1 17 1 20 0
1 17 1 21 0
1 17 1 22 0
1 17 1 23 0
1 17 0 24 1
1 17 0 25 1
1 17 1 26 0
1 17 0 27 1
1 17 1 28 0
1 17 0 29 1
1 17 1 30 0
1 17 0 31 1
1 17 1 32 0
1 17 1 33 0
1 17 1 34 0
1 17 1 35 0
1 17 1 36 0
1 17 0 37 1
1 17 0 38 1
1 17 0 39 1
1 17 0 40 1
1 17 0 41 1
1 17 1 42 0
1 17 0 43 1
1 17 0 44 1
1 17 1 45 0
1 17 1 46 0
1 17 1 47 0
1 17 1 48 0
1 17 0 49 1
1 17 0 50 1
1 18 0 19 1
1 18 1 20 0
1 18 0 21 1
1 18 1 22 0
1 18 0 23 1
1 18 1 24 0
1 18 1 25 0
1 18 0 26 1
1 18 0 27 1
1 18 0 28 1
1 18 1 29 0
1 18 1 30 0
1 18 0 31 1
1 18 0 32 1
1 18 1 33 0
1 18 1 34 0
1 18 1 35 0
1 18 0 36 1
1 18 1 37 0
1 18 0 38 1
1 18 0 39 1
1 18 0 40 1
1 18 1 41 0
1 18 0 42 1
1 18 0 43 1
1 18 0 44 1
1 18 0 45 1
1 18 1 46 0
1 18 0 47 1
1 18 1 48 0
1 18 1 49 0
1 18 1 50 0
1 19 0 20 1
1 19 1 21 0
1 19 1 22 0
1 19 1 23 0
1 19 0 24 1
1 19 0 25 1
1 19 1 26 0
1 19 1 27 0
1 19 0 28 1
1 19 0 29 1
1 19 1 30 0
1 19 0 31 1
1 19 0 32 1
1 19 1 33 0
1 19 1 34 0
1 19 1 35 0
1 19 1 36 0
1 19 1 37 0
1 19 0 38 1
1 19 0 39 1
1 19 0 40 1
1 19 1 41 0
1 19 1 42 0
1 19 0 43 1
1 19 1 44 0
1 19 1 45 0
1 19 1 46 0
1 19 1 47 0
1 19 1 48 0
1 19 0 49 1
1 19 0 50 1
1 20 0 21 1
1 20 1 22 0
1 20 0 23 1
1 20 0 24 1
1 20 0 25 1
1 20 0 26 1
1 20 1 27 0
1 20 1 28 0
1 20 0 29 1
1 20 1 30 0
1 20 0 31 1
1 20 1 32 0
1 20 1 33 0
1 20 0 34 1
1 20 0 35 1
1 20 0 36 1
1 20 0 37 1
1 20 1 38 0
1 20 1 39 0
1 20 1 40 0
1 20 0 41 1
1 20 0 42 1
1 20 1 43 0
1 20 1 44 0
1 20 0 45 1
1 20 1 46 0
1 20 1 47 0
1 20 1 48 0
1 20 0 49 1
1 20 1 50 0
1 21 0 22 1
1 21 0 23 1
1 21 0 24 1
1 21 0 25 1
1 21 0 26 1
1 21 0 27 1
1 21 1 28 0
1 21 0 29 1
1 21 0 30 1
1 21 1 31 0
1 21 1 32 0
1 21 1 33 0
1 21 0 34 1
1 21 0 35 1
1 21 0 36 1
1 21 0 37 1
1 21 1 38 0
1 21 1 39 0
1 21 1 40 0
1 21 1 41 0
1 21 1 42 0
1 21 0 43 1
1 21 1 44 0
1 21 0 45 1
1 21 0 46 1
1 21 0 47 1
1 21 0 48 1
1 21 0 49 1
1 21 1 50 0
1 22 1 23 0
1 22 1 24 0
1 22 1 25 0
1 22 1 26 0
1 22 0 27 1
1 22 1 28 0
1 22 1 29 0
1 22 1 30 0
1 22 1 31 0
1 22 1 32 0
1 22 0 33 1
1 22 0 34 1
1 22 1 35 0
1 22 1 36 0
1 22 0 37 1
1 22 1 38 0
1 22 0 39 1
1 22 1 40 0
1 22 1 41 0
1 22 1 42 0
1 22 1 43 0
1 22 0 44 1
1 22 0 45 1
1 22 0 46 1
1 22 0 47 1
1 22 1 48 0
1 22 0 49 1
1 22 0 50 1
1 23 1 24 0
1 23 0 25 1
1 23 1 26 0
1 23 0 27 1
1 23 1 28 0
1 23 0 29 1
1 23 1 30 0
1 23 1 31 0
1 23 0 32 1
1 23 0 33 1
1 23 0 34 1
1 23 0 35 1
1 23 0 36 1
1 23 0 37 1
1 23 1 38 0
1 23 0 39 1
1 23 0 40 1
1 23 0 41 1
1 23 0 42 1
1 23 0 43 1
1 23 1 44 0
1 23 0 45 1
1 23 0 46 1
1 23 1 47 0
1 23 1 48 0
1 23 1 49 0
1 23 0 50 1
1 24 0 25 1
1 24 0 26 1
1 24 1 27 0
1 24 1 28 0
1 24 1 29 0
1 24 0 30 1
1 24 1 31 0
1 24 1 32 0
1 24 0 33 1
1 24 0 34 1
1 24 0 35 1
1 24 0 36 1
1 24 0 37 1
1 24 0 38 1
1 24 0 39 1
1 24 1 40 0
1 24 0 41 1
1 24 0 42 1
1 24 1 43 0
1 24 0 44 1
1 24 0 45 1
1 24 0 46 1
1 24 0 47 1
1 24 1 48 0
1 24 1 49 0
1 24 0 50 1
1 25 0 26 1
1 25 0 27 1
1 25 1 28 0
1 25 1 29 0
1 25 0 30 1
1 25 0 31 1
1 25 0 32 1
1 25 1 33 0
1 25 1 34 0
1 25 1 35 0
1 25 0 36 1
1 25 1 37 0
1 25 1 38 0
1 25 0 39 1
1 25 1 40 0
1 25 0 41 1
1 25 1 42 0
1 25 0 43 1
1 25 0 44 1
1 25 1 45 0
1 25 0 46 1
1 25 1 47 0
1 25 1 48 0
1 25 0 49 1
1 25 1 50 0
1 26 1 27 0
1 26 1 28 0
1 26 1 29 0
1 26 1 30 0
1 26 0 31 1
1 26 1 32 0
1 26 1 33 0
1 26 1 34 0
1 26 0 35 1
1 26 1 36 0
1 26 0 37 1
1 26 1 38 0
1 26 1 39 0
1 26 0 40 1
1 26 1 41 0
1 26 1 42 0
1 26 1 43 0
1 26 0 44 1
1 26 1 45 0
1 26 1 46 0
1 26 0 47 1
1 26 1 48 0
1 26 0 49 1
1 26 0 50 1
1 27 1 28 0
1 27 1 29 0
1 27 1 30 0
1 27 1 31 0
1 27 0 32 1
1 27 0 33 1
1 27 1 34 0
1 27 0 35 1
1 27 1 36 0
1 27 1 37 0
1 27 0 38 1
1 27 0 39 1
1 27 1 40 0
1 27 1 41 0
1 27 0 42 1
1 27 1 43 0
1 27 1 44 0
1 27 1 45 0
1 27 1 46 0
1 27 1 47 0
1 27 1 48 0
1 27 0 49 1
1 27 1 50 0
1 28 1 29 0
1 28 0 30 1
1 28 0 31 1
1 28 1 32 0
1 28 0 33 1
1 28 1 34 0
1 28 1 35 0
1 28 0 36 1
1 28 1 37 0
1 28 1 38 0
1 28 1 39 0
1 28 1 40 0
1 28 1 41 0
1 28 1 42 0
1 28 1 43 0
1 28 0 44 1
1 28 0 45 1
1 28 0 46 1
1 28 1 47 0
1 28 0 48 1
1 28 0 49 1
1 28 0 50 1
1 29 1 30 0
1 29 1 31 0
1 29 1 32 0
1 29 0 33 1
1 29 0 34 1
1 29 1 35 0
1 29 1 36 0
1 29 1 37 0
1 29 1 38 0
1 29 0 39 1
1 29 0 40 1
1 29 1 41 0
1 29 1 42 0
1 29 1 43 0
1 29 1 44 0
1 29 0 45 1
1 29 1 46 0
1 29 1 47 0
1 29 1 48 0
1 29 0 49 1
1 29 0 50 1
1 30 1 31 0
1 30 0 32 1
1 30 1 33 0
1 30 0 34 1
1 30 0 35 1
1 30 1 36 0
1 30 0 37 1
1 30 0 38 1
1 30 1 39 0
1 30 1 40 0
1 30 0 41 1
1 30 1 42 0
1 30 0 43 1
1 30 0 44 1
1 30 1 45 0
1 30 1 46 0
1 30 1 47 0
1 30 1 48 0
1 30 0 49 1
1 30 1 50 0
1 31 1 32 0
1 31 0 33 1
1 31 0 34 1
1 31 1 35 0
1 31 0 36 1
1 31 0 37 1
1 31 0 38 1
1 31 1 39 0
1 31 0 40 1
1 31 0 41 1
1 31 1 42 0
1 31 1 43 0
1 31 0 44 1
1 31 0 45 1
1 31 0 46 1
1 31 1 47 0
1 31 1 48 0
1 31 0 49 1
1 31 0 50 1
1 32 0 33 1
1 32 0 34 1
1 32 0 35 1
1 32 0 36 1
1 32 1 37 0
1 32 0 38 1
1 32 0 39 1
1 32 1 40 0
1 32 0 41 1
1 32 1 42 0
1 32 0 43 1
1 32 0 44 1
1 32 1 45 0
1 32 1 46 0
1 32 1 47 0
1 32 0 48 1
1 32 0 49 1
1 32 0 50 1
1 33 1 34 0
1 33 1 35 0
1 33 0 36 1
1 33 0 37 1
1 33 1 38 0
1 33 1 39 0
1 33 1 40 0
1 33 0 41 1
1 33 0 42 1
1 33 1 43 0
1 33 1 44 0
1 33 1 45 0
1 33 0 46 1
1 33 1 47 0
1 33 1 48 0
1 33 1 49 0
1 33 1 50 0
1 34 1 35 0
1 34 0 36 1
1 34 0 37 1
1 34 1 38 0
1 34 1 39 0
1 34 0 40 1
1 34 0 41 1
1 34 0 42 1
1 34 1 43 0
1 34 0 44 1
1 34 0 45 1
1 34 1 46 0
1 34 0 47 1
1 34 1 48 0
1 34 0 49 1
1 34 1 50 0
1 35 0 36 1
1 35 0 37 1
1 35 0 38 1
1 35 1 39 0
1 35 1 40 0
1 35 0 41 1
1 35 1 42 0
1 35 0 43 1
1 35 0 44 1
1 35 0 45 1
1 35 0 46 1
1 35 0 47 1
1 35 0 48 1
1 35 0 49 1
1 35 1 50 0
1 36 0 37 1
1 36 1 38 0
1 36 1 39 0
1 36 0 40 1
1 36 1 41 0
1 36 1 42 0
1 36 0 43 1
1 36 1 44 0
1 36 1 45 0
1 36 0 46 1
1 36 1 47 0
1 36 1 48 0
1 36 0 49 1
1 36 1 50 0
1 37 0 38 1
1 37 1 39 0
1 37 1 40 0
1 37 0 41 1
1 37 1 42 0
1 37 0 43 1
1 37 0 44 1
1 37 0 45 1
1 37 1 46 0
1 37 0 47 1
1 37 1 48 0
1 37 1 49 0
1 37 1 50 0
1 38 0 39 1
1 38 1 40 0
1 38 0 41 1
1 38 1 42 0
1 38 1 43 0
1 38 1 44 0
1 38 0 45 1
1 38 0 46 1
1 38 1 47 0
1 38 1 48 0
1 38 0 49 1
1 38 1 50 0
1 39 1 40 0
1 39 0 41 1
1 39 0 42 1
1 39 1 43 0
1 39 0 44 1
1 39 1 45 0
1 39 0 46 1
1 39 0 47 1
1 39 0 48 1
1 39 0 49 1
1 39 1 50 0
1 40 0 41 1
1 40 0 42 1
1 40 1 43 0
1 40 1 44 0
1 40 1 45 0
1 40 0 46 1
1 40 0 47 1
1 40 1 48 0
1 40 1 49 0
1 40 1 50 0
1 41 1 42 0
1 41 0 43 1
1 41 1 44 0
1 41 0 45 1
1 41 1 46 0
1 41 0 47 1
1 41 1 48 0
1 41 0 49 1
1 41 1 50 0
1 42 0 43 1
1 42 0 44 1
1 42 1 45 0
1 42 1 46 0
1 42 1 47 0
1 42 1 48 0
1 42 1 49 0
1 42 0 50 1
1 43 0 44 1
1 43 0 45 1
1 43 0 46 1
1 43 0 47 1
1 43 0 48 1
1 43 1 49 0
1 43 0 50 1
1 44 0 45 1
1 44 0 46 1
1 44 1 47 0
1 44 0 48 1
1 44 1 49 0
1 44 0 50 1
1 45 1 46 0
1 45 1 47 0
1 45 1 48 0
1 45 0 49 1
1 45 1 50 0
1 46 1 47 0
1 46 1 48 0
1 46 0 49 1
1 46 0 50 1
1 47 1 48 0
1 47 1 49 0
1 47 0 50 1
1 48 0 49 1
1 48 1 50 0
1 49 1 50 0
1 51 1 52 0
1 51 0 53 1
1 51 1 54 0
1 51 0 55 1
1 51 1 56 0
1 51 0 57 1
1 51 1 58 0
1 51 1 59 0
1 51 1 60 0
1 51 1 61 0
1 51 0 62 1
1 51 1 63 0
1 51 1 64 0
1 51 1 65 0
1 51 1 66 0
1 51 0 67 1
1 51 0 68 1
1 51 1 69 0
1 51 0 70 1
1 51 0 71 1
1 51 1 72 0
1 51 1 73 0
1 51 0 74 1
1 51 0 75 1
1 51 1 76 0
1 51 0 77 1
1 51 1 78 0
1 51 1 79 0
1 51 1 80 0
1 51 1 81 0
1 51 0 82 1
1 51 1 83 0
1 51 1 84 0
1 51 0 85 1
1 51 0 86 1
1 51 1 87 0
1 51 0 88 1
1 51 1 89 0
1 51 0 90 1
1 51 0 91 1
1 51 1 92 0
1 51 1 93 0
1 51 1 94 0
1 51 0 95 1
1 51 1 96 0
1 51 1 97 0
1 51 0 98 1
1 51 1 99 0
1 51 1 100 0
1 52 0 53 1
1 52 0 54 1
1 52 0 55 1
1 52 1 56 0
1 52 0 57 1
1 52 0 58 1
1 52 0 59 1
1 52 0 60 1
1 52 1 61 0
1 52 0 62 1
1 52 1 63 0
1 52 1 64 0
1 52 1 65 0
1 52 1 66 0
1 52 0 67 1
1 52 0 68 1
1 52 1 69 0
1 52 1 70 0
1 52 1 71 0
1 52 0 72 1
1 52 1 73 0
1 52 1 74 0
1 52 0 75 1
1 52 1 76 0
1 52 0 77 1
1 52 0 78 1
1 52 1 79 0
1 52 0 80 1
1 52 0 81 1
1 52 0 82 1
1 52 0 83 1
1 52 1 84 0
1 52 1 85 0
1 52 1 86 0
1 52 1 87 0
1 52 1 88 0
1 52 1 89 0
1 52 0 90 1
1 52 1 91 0
1 52 0 92 1
1 52 1 93 0
1 52 1 94 0
1 52 0 95 1
1 52 1 96 0
1 52 0 97 1
1 52 1 98 0
1 52 0 99 1
1 52 0 100 1
1 53 0 54 1
1 53 0 55 1
1 53 1 56 0
1 53 0 57 1
1 53 1 58 0
1 53 0 59 1
1 53 0 60 1
1 53 1 61 0
1 53 1 62 0
1 53 1 63 0
1 53 1 64 0
1 53 0 65 1
1 53 1 66 0
1 53 1 67 0
1 53 1 68 0
1 53 1 69 0
1 53 1 70 0
1 53 1 71 0
1 53 1 72 0
1 53 1 73 0
1 53 1 74 0
1 53 0 75 1
1 53 1 76 0
1 53 1 77 0
1 53 1 78 0
1 53 0 79 1
1 53 1 80 0
1 53 0 81 1
1 53 0 82 1
1 53 1 83 0
1 53 0 84 1
1 53 1 85 0
1 53 1 86 0
1 53 1 87 0
1 53 0 88 1
1 53 0 89 1
1 53 1 90 0
1 53 0 91 1
1 53 0 92 1
1 53 0 93 1
1 53 1 94 0
1 53 0 95 1
1 53 1 96 0
1 53 0 97 1
1 53 0 98 1
1 53 0 99 1
1 53 0 100 1
1 54 0 55 1
1 54 1 56 0
1 54 1 57 0
1 54 1 58 0
1 54 0 59 1
1 54 1 60 0
1 54 0 61 1
1 54 0 62 1
1 54 1 63 0
1 54 1 64 0
1 54 1 65 0
1 54 1 66 0
1 54 0 67 1
1 54 0 68 1
1 54 1 69 0
1 54 1 70 0
1 54 0 71 1
1 54 0 72 1
1 54 0 73 1
1 54 1 74 0
1 54 0 75 1
1 54 0 76 1
1 54 0 77 1
1 54 0 78 1
1 54 0 79 1
1 54 1 80 0
1 54 1 81 0
1 54 0 82 1
1 54 0 83 1
1 54 1 84 0
1 54 1 85 0
1 54 0 86 1
1 54 1 87 0
1 54 0 88 1
1 54 0 89 1
1 54 0 90 1
1 54 0 91 1
1 54 0 92 1
1 54 1 93 0
1 54 0 94 1
1 54 0 95 1
1 54 1 96 0
1 54 0 97 1
1 54 1 98 0
1 54 1 99 0
1 54 1 100 0
1 55 0 56 1
1 55 0 57 1
1 55 1 58 0
1 55 0 59 1
1 55 0 60 1
1 55 1 61 0
1 55 1 62 0
1 55 0 63 1
1 55 1 64 0
1 55 0 65 1
1 55 0 66 1
1 55 1 67 0
1 55 1 68 0
1 55 1 69 0
1 55 1 70 0
1 55 0 71 1
1 55 1 72 0
1 55 0 73 1
1 55 1 74 0
1 55 1 75 0
1 55 1 76 0
1 55 0 77 1
1 55 1 78 0
1 55 1 79 0
1 55 1 80 0
1 55 1 81 0
1 55 0 82 1
1 55 1 83 0
1 55 0 84 1
1 55 1 85 0
1 55 0 86 1
1 55 1 87 0
1 55 0 88 1
1 55 1 89 0
1 55 0 90 1
1 55 1 91 0
1 55 1 92 0
1 55 0 93 1
1 55 0 94 1
1 55 0 95 1
1 55 0 96 1
1 55 1 97 0
1 55 1 98 0
1 55 0 99 1
1 55 0 100 1
1 56 0 57 1
1 56 0 58 1
1 56 1 59 0
1 56 1 60 0
1 56 1 61 0
1 56 1 62 0
1 56 1 63 0
1 56 1 64 0
1 56 1 65 0
1 56 1 66 0
1 56 1 67 0
1 56 1 68 0
1 56 1 69 0
1 56 1 70 0
1 56 0 71 1
1 56 1 72 0
1 56 1 73 0
1 56 0 74 1
1 56 1 75 0
1 56 0 76 1
1 56 1 77 0
1 56 0 78 1
1 56 0 79 1
1 56 0 80 1
1 56 1 81 0
1 56 0 82 1
1 56 1 83 0
1 56 0 84 1
1 56 0 85 1
1 56 1 86 0
1 56 0 87 1
1 56 1 88 0
1 56 1 89 0
1 56 0 90 1
1 56 1 91 0
1 56 1 92 0
1 56 1 93 0
1 56 0 94 1
1 56 0 95 1
1 56 1 96 0
1 56 0 97 1
1 56 0 98 1
1 56 1 99 0
1 56 1 100 0
1 57 0 58 1
1 57 0 59 1
1 57 0 60 1
1 57 0 61 1
1 57 0 62 1
1 57 1 63 0
1 57 1 64 0
1 57 1 65 0
1 57 0 66 1
1 57 0 67 1
1 57 0 68 1
1 57 1 69 0
1 57 1 70 0
1 57 1 71 0
1 57 0 72 1
1 57 0 73 1
1 57 0 74 1
1 57 1 75 0
1 57 1 76 0
1 57 1 77 0
1 57 1 78 0
1 57 1 79 0
1 57 1 80 0
1 57 1 81 0
1 57 1 82 0
1 57 1 83 0
1 57 0 84 1
1 57 1 85 0
1 57 1 86 0
1 57 1 87 0
1 57 1 88 0
1 57 0 89 1
1 57 0 90 1
1 57 1 91 0
1 57 0 92 1
1 57 0 93 1
1 57 1 94 0
1 57 0 95 1
1 57 0 96 1
1 57 1 97 0
1 57 1 98 0
1 57 0 99 1
1 57 0 100 1
1 58 1 59 0
1 58 1 60 0
1 58 0 61 1
1 58 1 62 0
1 58 1 63 0
1 58 0 64 1
1 58 1 65 0
1 58 1 66 0
1 58 1 67 0
1 58 0 68 1
1 58 0 69 1
1 58 1 70 0
1 58 1 71 0
1 58 0 72 1
1 58 1 73 0
1 58 1 74 0
1 58 1 75 0
1 58 0 76 1
1 58 1 77 0
1 58 1 78 0
1 58 1 79 0
1 58 0 80 1
1 58 0 81 1
1 58 1 82 0
1 58 1 83 0
1 58 0 84 1
1 58 1 85 0
1 58 1 86 0
1 58 0 87 1
1 58 0 88 1
1 58 0 89 1
1 58 0 90 1
1 58 0 91 1
1 58 0 92 1
1 58 0 93 1
1 58 1 94 0
1 58 1 95 0
1 58 1 96 0
1 58 1 97 0
1 58 1 98 0
1 58 0 99 1
1 58 1 100 0
1 59 1 60 0
1 59 0 61 1
1 59 1 62 0
1 59 0 63 1
1 59 1 64 0
1 59 0 65 1
1 59 0 66 1
1 59 1 67 0
1 59 0 68 1
1 59 1 69 0
1 59 1 70 0
1 59 0 71 1
1 59 0 72 1
1 59 1 73 0
1 59 1 74 0
1 59 1 75 0
1 59 0 76 1
1 59 0 77 1
1 59 1 78 0
1 59 1 79 0
1 59 1 80 0
1 59 1 81 0
1 59 1 82 0
1 59 1 83 0
1 59 1 84 0
1 59 1 85 0
1 59 0 86 1
1 59 0 87 1
1 59 1 88 0
1 59 1 89 0
1 59 1 90 0
1 59 0 91 1
1 59 1 92 0
1 59 1 93 0
1 59 0 94 1
1 59 0 95 1
1 59 1 96 0
1 59 1 97 0
1 59 1 98 0
1 59 1 99 0
1 59 1 100 0
1 60 0 61 1
1 60 0 62 1
1 60 0 63 1
1 60 1 64 0
1 60 1 65 0
1 60 0 66 1
1 60 0 67 1
1 60 1 68 0
1 60 0 69 1
1 60 1 70 0
1 60 1 71 0
1 60 1 72 0
1 60 1 73 0
1 60 0 74 1
1 60 0 75 1
1 60 1 76 0
1 60 0 77 1
1 60 0 78 1
1 60 1 79 0
1 60 0 80 1
1 60 1 81 0
1 60 1 82 0
1 60 0 83 1
1 60 1 84 0
1 60 0 85 1
1 60 1 86 0
1 60 0 87 1
1 60 0 88 1
1 60 0 89 1
1 60 0 90 1
1 60 0 91 1
1 60 0 92 1
1 60 1 93 0
1 60 0 94 1
1 60 0 95 1
1 60 1 96 0
1 60 1 97 0
1 60 0 98 1
1 60 1 99 0
1 60 0 100 1
1 61 0 62 1
1 61 1 63 0
1 61 1 64 0
1 61 0 65 1
1 61 0 66 1
1 61 0 67 1
1 61 0 68 1
1 61 0 69 1
1 61 0 70 1
1 61 1 71 0
1 61 1 72 0
1 61 0 73 1
1 61 1 74 0
1 61 0 75 1
1 61 0 76 1
1 61 0 77 1
1 61 0 78 1
1 61 1 79 0
1 61 0 80 1
1 61 1 81 0
1 61 1 82 0
1 61 1 83 0
1 61 0 84 1
1 61 1 85 0
1 61 1 86 0
1 61 0 87 1
1 61 1 88 0
1 61 0 89 1
1 61 0 90 1
1 61 0 91 1
1 61 1 92 0
1 61 1 93 0
1 61 1 94 0
1 61 0 95 1
1 61 1 96 0
1 61 0 97 1
1 61 1 98 0
1 61 0 99 1
1 61 1 100 0
1 62 0 63 1
1 62 1 64 0
1 62 1 65 0
1 62 1 66 0
1 62 1 67 0
1 62 0 68 1
1 62 0 69 1
1 62 0 70 1
1 62 0 71 1
1 62 1 72 0
1 62 1 73 0
1 62 0 74 1
1 62 0 75 1
1 62 0 76 1
1 62 0 77 1
1 62 1 78 0
1 62 1 79 0
1 62 0 80 1
1 62 0 81 1
1 62 1 82 0
1 62 1 83 0
1 62 0 84 1
1 62 1 85 0
1 62 1 86 0
1 62 1 87 0
1 62 0 88 1
1 62 0 89 1
1 62 1 90 0
1 62 1 91 0
1 62 0 92 1
1 62 0 93 1
1 62 1 94 0
1 62 0 95 1
1 62 0 96 1
1 62 0 97 1
1 62 0 98 1
1 62 0 99 1
1 62 0 100 1
1 63 1 64 0
1 63 1 65 0
1 63 1 66 0
1 63 1 67 0
1 63 0 68 1
1 63 1 69 0
1 63 1 70 0
1 63 0 71 1
1 63 0 72 1
1 63 0 73 1
1 63 0 74 1
1 63 0 75 1
1 63 1 76 0
1 63 1 77 0
1 63 0 78 1
1 63 0 79 1
1 63 1 80 0
1 63 0 81 1
1 63 0 82 1
1 63 0 83 1
1 63 1 84 0
1 63 0 85 1
1 63 0 86 1
1 63 0 87 1
1 63 1 88 0
1 63 0 89 1
1 63 1 90 0
1 63 0 91 1
1 63 1 92 0
1 63 0 93 1
1 63 0 94 1
1 63 0 95 1
1 63 0 96 1
1 63 1 97 0
1 63 1 98 0
1 63 1 99 0
1 63 1 100 0
1 64 1 65 0
1 64 0 66 1
1 64 0 67 1
1 64 1 68 0
1 64 1 69 0
1 64 0 70 1
1 64 0 71 1
1 64 1 72 0
1 64 1 73 0
1 64 0 74 1
1 64 0 75 1
1 64 1 76 0
1 64 1 77 0
1 64 0 78 1
1 64 0 79 1
1 64 1 80 0
1 64 0 81 1
1 64 0 82 1
1 64 0 83 1
1 64 0 84 1
1 64 1 85 0
1 64 0 86 1
1 64 1 87 0
1 64 0 88 1
1 64 0 89 1
1 64 0 90 1
1 64 0 91 1
1 64 0 92 1
1 64 1 93 0
1 64 0 94 1
1 64 0 95 1
1 64 1 96 0
1 64 1 97 0
1 64 0 98 1
1 64 1 99 0
1 64 1 100 0
1 65 0 66 1
1 65 0 67 1
1 65 1 68 0
1 65 1 69 0
1 65 0 70 1
1 65 1 71 0
1 65 1 72 0
1 65 0 73 1
1 65 0 74 1
1 65 1 75 0
1 65 0 76 1
1 65 1 77 0
1 65 0 78 1
1 65 1 79 0
1 65 0 80 1
1 65 0 81 1
1 65 0 82 1
1 65 0 83 1
1 65 1 84 0
1 65 1 85 0
1 65 0 86 1
1 65 1 87 0
1 65 1 88 0
1 65 1 89 0
1 65 1 90 0
1 65 0 91 1
1 65 0 92 1
1 65 0 93 1
1 65 1 94 0
1 65 0 95 1
1 65 0 96 1
1 65 0 97 1
1 65 1 98 0
1 65 1 99 0
1 65 1 100 0
1 66 1 67 0
1 66 1 68 0
1 66 0 69 1
1 66 0 70 1
1 66 1 71 0
1 66 0 72 1
1 66 1 73 0
1 66 1 74 0
1 66 0 75 1
1 66 1 76 0
1 66 0 77 1
1 66 1 78 0
1 66 1 79 0
1 66 0 80 1
1 66 0 81 1
1 66 1 82 0
1 66 0 83 1
1 66 1 84 0
1 66 1 85 0
1 66 0 86 1
1 66 1 87 0
1 66 1 88 0
1 66 0 89 1
1 66 1 90 0
1 66 1 91 0
1 66 1 92 0
1 66 0 93 1
1 66 0 94 1
1 66 0 95 1
1 66 1 96 0
1 66 0 97 1
1 66 1 98 0
1 66 1 99 0
1 66 1 100 0
1 67 1 68 0
1 67 0 69 1
1 67 1 70 0
1 67 0 71 1
1 67 1 72 0
1 67 0 73 1
1 67 1 74 0
1 67 1 75 0
1 67 1 76 0
1 67 1 77 0
1 67 1 78 0
1 67 0 79 1
1 67 0 80 1
1 67 1 81 0
1 67 0 82 1
1 67 1 83 0
1 67 0 84 1
1 67 0 85 1
1 67 0 86 1
1 67 0 87 1
1 67 0 88 1
1 67 0 89 1
1 67 1 90 0
1 67 1 91 0
1 67 1 92 0
1 67 0 93 1
1 67 1 94 0
1 67 0 95 1
1 67 1 96 0
1 67 0 97 1
1 67 0 98 1
1 67 0 99 1
1 67 0 100 1
1 68 1 69 0
1 68 1 70 0
1 68 1 71 0
1 68 1 72 0
1 68 1 73 0
1 68 0 74 1
1 68 0 75 1
1 68 1 76 0
1 68 1 77 0
1 68 0 78 1
1 68 1 79 0
1 68 0 80 1
1 68 1 81 0
1 68 0 82 1
1 68 0 83 1
1 68 1 84 0
1 68 0 85 1
1 68 1 86 0
1 68 1 87 0
1 68 0 88 1
1 68 0 89 1
1 68 1 90 0
1 68 1 91 0
1 68 1 92 0
1 68 0 93 1
1 68 1 94 0
1 68 0 95 1
1 68 1 96 0
1 68 1 97 0
1 68 1 98 0
1 68 1 99 0
1 68 1 100 0
1 69 0 70 1
1 69 0 71 1
1 69 0 72 1
1 69 0 73 1
1 69 0 74 1
1 69 0 75 1
1 69 0 76 1
1 69 1 77 0
1 69 0 78 1
1 69 0 79 1
1 69 0 80 1
1 69 1 81 0
1 69 1 82 0
1 69 0 83 1
1 69 1 84 0
1 69 0 85 1
1 69 1 86 0
1 69 0 87 1
1 69 0 88 1
1 69 1 89 0
1 69 1 90 0
1 69 0 91 1
1 69 1 92 0
1 69 0 93 1
1 69 0 94 1
1 69 1 95 0
1 69 0 96 1
1 69 1 97 0
1 69 1 98 0
1 69 1 99 0
1 69 0 100 1
1 70 1 71 0
1 70 0 72 1
1 70 1 73 0
1 70 1 74 0
1 70 1 75 0
1 70 0 76 1
1 70 0 77 1
1 70 1 78 0
1 70 0 79 1
1 70 0 80 1
1 70 0 81 1
1 70 1 82 0
1 70 1 83 0
1 70 1 84 0
1 70 1 85 0
1 70 1 86 0
1 70 0 87 1
1 70 0 88 1
1 70 0 89 1
1 70 1 90 0
1 70 1 91 0
1 70 1 92 0
1 70 0 93 1
1 70 0 94 1
1 70 0 95 1
1 70 0 96 1
1 70 1 97 0
1 70 0 98 1
1 70 1 99 0
1 70 0 100 1
1 71 0 72 1
1 71 1 73 0
1 71 0 74 1
1 71 0 75 1
1 71 0 76 1
1 71 1 77 0
1 71 0 78 1
1 71 0 79 1
1 71 1 80 0
1 71 0 81 1
1 71 1 82 0
1 71 1 83 0
1 71 0 84 1
1 71 1 85 0
1 71 0 86 1
1 71 0 87 1
1 71 1 88 0
1 71 1 89 0
1 71 1 90 0
1 71 0 91 1
1 71 1 92 0
1 71 0 93 1
1 71 1 94 0
1 71 0 95 1
1 71 0 96 1
1 71 0 97 1
1 71 0 98 1
1 71 1 99 0
1 71 1 100 0
1 72 1 73 0
1 72 1 74 0
1 72 0 75 1
1 72 1 76 0
1 72 1 77 0
1 72 1 78 0
1 72 0 79 1
1 72 0 80 1
1 72 1 81 0
1 72 0 82 1
1 72 1 83 0
1 72 1 84 0
1 72 1 85 0
1 72 0 86 1
1 72 0 87 1
1 72 1 88 0
1 72 0 89 1
1 72 0 90 1
1 72 1 91 0
1 72 0 92 1
1 72 1 93 0
1 72 1 94 0
1 72 0 95 1
1 72 1 96 0
1 72 1 97 0
1 72 0 98 1
1 72 0 99 1
1 72 0 100 1
1 73 1 74 0
1 73 1 75 0
1 73 0 76 1
1 73 1 77 0
1 73 1 78 0
1 73 0 79 1
1 73 1 80 0
1 73 0 81 1
1 73 0 82 1
1 73 0 83 1
1 73 1 84 0
1 73 0 85 1
1 73 1 86 0
1 73 1 87 0
1 73 0 88 1
1 73 0 89 1
1 73 1 90 0
1 73 1 91 0
1 73 1 92 0
1 73 1 93 0
1 73 0 94 1
1 73 0 95 1
1 73 1 96 0
1 73 0 97 1
1 73 1 98 0
1 73 1 99 0
1 73 0 100 1
1 74 0 75 1
1 74 1 76 0
1 74 0 77 1
1 74 1 78 0
1 74 1 79 0
1 74 0 80 1
1 74 1 81 0
1 74 1 82 0
1 74 0 83 1
1 74 1 84 0
1 74 0 85 1
1 74 0 86 1
1 74 1 87 0
1 74 0 88 1
1 74 0 89 1
1 74 0 90 1
1 74 0 91 1
1 74 1 92 0
1 74 0 93 1
1 74 0 94 1
1 74 1 95 0
1 74 1 96 0
1 74 1 97 0
1 74 0 98 1
1 74 1 99 0
1 74 1 100 0
1 75 0 76 1
1 75 0 77 1
1 75 0 78 1
1 75 1 79 0
1 75 1 80 0
1 75 0 81 1
1 75 0 82 1
1 75 1 83 0
1 75 1 84 0
1 75 1 85 0
1 75 1 86 0
1 75 1 87 0
1 75 1 88 0
1 75 0 89 1
1 75 1 90 0
1 75 0 91 1
1 75 0 92 1
1 75 0 93 1
1 75 1 94 0
1 75 1 95 0
1 75 0 96 1
1 75 0 97 1
1 75 1 98 0
1 75 0 99 1
1 75 1 100 0
1 76 1 77 0
1 76 0 78 1
1 76 0 79 1
1 76 1 80 0
1 76 0 81 1
1 76 1 82 0
1 76 0 83 1
1 76 1 84 0
1 76 1 85 0
1 76 1 86 0
1 76 0 87 1
1 76 1 88 0
1 76 0 89 1
1 76 0 90 1
1 76 0 91 1
1 76 1 92 0
1 76 0 93 1
1 76 1 94 0
1 76 1 95 0
1 76 0 96 1
1 76 0 97 1
1 76 0 98 1
1 76 1 99 0
1 76 0 100 1
1 77 1 78 0
1 77 1 79 0
1 77 1 80 0
1 77 0 81 1
1 77 0 82 1
1 77 0 83 1
1 77 0 84 1
1 77 1 85 0
1 77 1 86 0
1 77 0 87 1
1 77 0 88 1
1 77 0 89 1
1 77 1 90 0
1 77 1 91 0
1 77 1 92 0
1 77 1 93 0
1 77 1 94 0
1 77 0 95 1
1 77 1 96 0
1 77 0 97 1
1 77 0 98 1
1 77 0 99 1
1 77 1 100 0
1 78 1 79 0
1 78 1 80 0
1 78 0 81 1
1 78 0 82 1
1 78 1 83 0
1 78 0 84 1
1 78 0 85 1
1 78 0 86 1
1 78 1 87 0
1 78 0 88 1
1 78 0 89 1
1 78 0 90 1
1 78 1 91 0
1 78 1 92 0
1 78 1 93 0
1 78 1 94 0
1 78 1 95 0
1 78 0 96 1
1 78 0 97 1
1 78 0 98 1
1 78 1 99 0
1 78 1 100 0
1 79 1 80 0
1 79 1 81 0
1 79 0 82 1
1 79 0 83 1
1 79 1 84 0
1 79 1 85 0
1 79 1 86 0
1 79 0 87 1
1 79 0 88 1
1 79 0 89 1
1 79 1 90 0
1 79 1 91 0
1 79 0 92 1
1 79 0 93 1
1 79 1 94 0
1 79 0 95 1
1 79 1 96 0
1 79 1 97 0
1 79 0 98 1
1 79 0 99 1
1 79 1 100 0
1 80 0 81 1
1 80 1 82 0
1 80 0 83 1
1 80 1 84 0
1 80 0 85 1
1 80 1 86 0
1 80 1 87 0
1 80 1 88 0
1 80 1 89 0
1 80 0 90 1
1 80 1 91 0
1 80 1 92 0
1 80 0 93 1
1 80 0 94 1
1 80 0 95 1
1 80 0 96 1
1 80 0 97 1
1 80 1 98 0
1 80 0 99 1
1 80 0 100 1
1 81 1 82 0
1 81 0 83 1
1 81 1 84 0
1 81 0 85 1
1 81 0 86 1
1 81 0 87 1
1 81 1 88 0
1 81 1 89 0
1 81 0 90 1
1 81 0 91 1
1 81 0 92 1
1 81 1 93 0
1 81 0 94 1
1 81 0 95 1
1 81 1 96 0
1 81 1 97 0
1 81 1 98 0
1 81 1 99 0
1 81 1 100 0
1 82 0 83 1
1 82 1 84 0
1 82 0 85 1
1 82 1 86 0
1 82 1 87 0
1 82 1 88 0
1 82 0 89 1
1 82 1 90 0
1 82 1 91 0
1 82 0 92 1
1 82 0 93 1
1 82 1 94 0
1 82 1 95 0
1 82 1 96 0
1 82 0 97 1
1 82 0 98 1
1 82 1 99 0
1 82 0 100 1
1 83 0 84 1
1 83 1 85 0
1 83 1 86 0
1 83 0 87 1
1 83 1 88 0
1 83 0 89 1
1 83 1 90 0
1 83 0 91 1
1 83 1 92 0
1 83 1 93 0
1 83 1 94 0
1 83 1 95 0
1 83 1 96 0
1 83 1 97 0
1 83 1 98 0
1 83 0 99 1
1 83 0 100 1
1 84 1 85 0
1 84 0 86 1
1 84 0 87 1
1 84 1 88 0
1 84 1 89 0
1 84 1 90 0
1 84 1 91 0
1 84 0 92 1
1 84 0 93 1
1 84 0 94 1
1 84 1 95 0
1 84 1 96 0
1 84 1 97 0
1 84 1 98 0
1 84 1 99 0
1 84 1 100 0
1 85 0 86 1
1 85 0 87 1
1 85 0 88 1
1 85 1 89 0
1 85 0 90 1
1 85 0 91 1
1 85 1 92 0
1 85 0 93 1
1 85 0 94 1
1 85 1 95 0
1 85 1 96 0
1 85 1 97 0
1 85 0 98 1
1 85 0 99 1
1 85 0 100 1
1 86 0 87 1
1 86 1 88 0
1 86 1 89 0
1 86 1 90 0
1 86 0 91 1
1 86 1 92 0
1 86 1 93 0
1 86 1 94 0
1 86 1 95 0
1 86 0 96 1
1 86 1 97 0
1 86 1 98 0
1 86 1 99 0
1 86 1 100 0
1 87 1 88 0
1 87 1 89 0
1 87 0 90 1
1 87 1 91 0
1 87 1 92 0
1 87 0 93 1
1 87 0 94 1
1 87 0 95 1
1 87 1 96 0
1 87 0 97 1
1 87 1 98 0
1 87 0 99 1
1 87 0 100 1
1 88 0 89 1
1 88 0 90 1
1 88 1 91 0
1 88 1 92 0
1 88 1 93 0
1 88 1 94 0
1 88 0 95 1
1 88 1 96 0
1 88 1 97 0
1 88 0 98 1
1 88 1 99 0
1 88 0 100 1
1 89 1 90 0
1 89 1 91 0
1 89 0 92 1
1 89 1 93 0
1 89 1 94 0
1 89 1 95 0
1 89 1 96 0
1 89 1 97 0
1 89 1 98 0
1 89 1 99 0
1 89 1 100 0
1 90 0 91 1
1 90 0 92 1
1 90 0 93 1
1 90 0 94 1
1 90 0 95 1
1 90 0 96 1
1 90 1 97 0
1 90 1 98 0
1 90 0 99 1
1 90 0 100 1
1 91 0 92 1
1 91 0 93 1
1 91 1 94 0
1 91 1 95 0
1 91 1 96 0
1 91 0 97 1
1 91 0 98 1
1 91 0 99 1
1 91 1 100 0
1 92 1 93 0
1 92 1 94 0
1 92 1 95 0
1 92 1 96 0
1 92 0 97 1
1 92 1 98 0
1 92 0 99 1
1 92 0 100 1
1 93 1 94 0
1 93 0 95 1
1 93 0 96 1
1 93 1 97 0
1 93 0 98 1
1 93 0 99 1
1 93 1 100 0
1 94 1 95 0
1 94 0 96 1
1 94 1 97 0
1 94 0 98 1
1 94 1 99 0
1 94 0 100 1
1 95 1 96 0
1 95 1 97 0
1 95 0 98 1
1 95 0 99 1
1 95 0 100 1
1 96 1 97 0
1 96 0 98 1
1 96 1 99 0
1 96 1 100 0
1 97 0 98 1
1 97 0 99 1
1 97 0 100 1
1 98 0 99 1
1 98 1 100 0
1 99 0 100 1
