2.7505775435088254e-16
2.6620120249535e-16
2.247045142548624e-16
2.674142958351939e-16
2.606050296196015e-16
3.169686735304822e-16
2.7096380694757725e-16
2.589431936846321e-16
2.630611777792385e-16
2.439569014636857e-16
2.596534098842085e-16
2.984385225718576e-16
2.9666925481886993e-16
2.8425329722875618e-16
3.101107333887872e-16
2.9465319073551654e-16
2.9484961480910406e-16
2.6696751805106774e-16
3.0441918826998713e-16
3.096182314364122e-16
3.1474822748123188e-16
2.8650916764520173e-16
3.077399446382856e-16
3.2465612689796245e-16
3.3314854143347526e-16
3.0891955660194983e-16
3.2589671702017617e-16
3.870027421649448e-16
3.9653952636118257e-16
4.480034576932924e-16
3.468059173172833e-16
4.356948406394822e-16
3.8481123049954085e-16
4.2049697057677805e-16
4.44404614118422e-16
3.5767685110007127e-16
3.171979587203504e-16
4.139124031700916e-16
4.3333392429900643e-16
5.167635027375155e-16
4.832245714680994e-16
3.1211416893261143e-16
3.3151900028590616e-16
4.064358912318792e-16
4.619761363579124e-16
4.538288936570015e-16
4.503837778914641e-16
3.86240746988015e-16
2.9952094444520927e-16
4.3279880620980677e-16
4.616214817806016e-16
4.09553993633239e-16
4.1243890023675683e-16
4.910974625197072e-16
4.9140379265733e-16
4.850820599900684e-16
4.487992469242299e-16
4.517116365862951e-16
4.441708438959909e-16
4.860846025206662e-16
3.8318554678491113e-16
4.934237681978425e-16
6.524102246095885e-16
7.011324549863082e-16
5.317818257816037e-16
5.800545229324901e-16
4.3751552088846635e-16
4.939050611498017e-16
6.161381945956598e-16
5.014624440023689e-16
5.431419203283383e-16
5.768019806640513e-16
5.666537699771264e-16
4.871270722805619e-16
4.807662204850009e-16
6.394231549473475e-16
8.514829668222532e-16
6.215015730667434e-16
4.75377313271317e-16
5.128232420487662e-16
7.691995188944626e-16
6.157772704438815e-16
6.818217488187102e-16
7.890193874604187e-16
6.634763660459379e-16
4.478581248547111e-16
5.607493636095029e-16
7.473403339474186e-16
4.620170459364842e-16
5.377011966991383e-16
