419 2889
0 288 1 50 0
0 134 1 104 0
0 40 1 289 0
0 313 1 144 0
0 138 1 193 0
0 58 1 141 0
0 101 1 298 0
0 11 1 172 0
0 72 1 227 0
0 76 1 355 0
0 396 1 36 0
0 118 1 93 0
0 288 1 258 0
0 40 1 134 0
0 313 1 213 0
0 138 1 58 0
0 101 1 11 0
0 402 1 72 0
0 396 1 76 0
0 233 1 118 0
0 288 1 40 0
0 313 1 138 0
0 402 1 101 0
0 233 1 396 0
0 288 1 313 0
0 402 1 233 0
0 402 1 288 0
0 415 1 238 0
0 270 1 116 0
0 181 1 199 0
0 379 1 8 0
0 161 1 83 0
0 260 1 381 0
0 237 1 45 0
0 264 1 360 0
0 125 1 273 0
0 331 1 29 0
0 39 1 274 0
0 157 1 17 0
0 35 1 204 0
0 372 1 376 0
0 126 1 385 0
0 359 1 158 0
0 415 1 270 0
0 181 1 379 0
0 161 1 260 0
0 237 1 264 0
0 125 1 331 0
0 39 1 157 0
0 372 1 35 0
0 359 1 126 0
0 181 1 415 0
0 161 1 237 0
0 39 1 125 0
0 359 1 372 0
0 181 1 161 0
0 39 1 359 0
0 39 1 181 0
0 383 1 82 0
0 122 1 206 0
0 77 1 131 0
0 269 1 299 0
0 203 1 26 0
0 47 1 44 0
0 327 1 349 0
0 111 1 133 0
0 5 1 241 0
0 228 1 306 0
0 295 1 109 0
0 395 1 334 0
0 31 1 383 0
0 77 1 122 0
0 113 1 269 0
0 47 1 203 0
0 327 1 111 0
0 5 1 88 0
0 228 1 295 0
0 100 1 395 0
0 31 1 77 0
0 113 1 47 0
0 5 1 327 0
0 100 1 228 0
0 31 1 113 0
0 5 1 100 0
0 5 1 31 0
0 36 1 386 0
0 132 1 96 0
0 23 1 328 0
0 76 1 241 0
0 107 1 129 0
0 292 1 251 0
0 88 1 67 0
0 144 1 253 0
0 349 1 131 0
0 68 1 372 0
0 47 1 319 0
0 125 1 80 0
0 98 1 36 0
0 132 1 23 0
0 76 1 10 0
0 292 1 107 0
0 88 1 144 0
0 349 1 64 0
0 47 1 68 0
0 125 1 305 0
0 98 1 132 0
0 292 1 76 0
0 88 1 349 0
0 47 1 125 0
0 98 1 292 0
0 88 1 47 0
0 88 1 98 0
0 118 1 404 0
0 113 1 126 0
0 50 1 58 0
0 264 1 393 0
0 313 1 379 0
0 289 1 157 0
0 94 1 158 0
0 168 1 324 0
0 101 1 29 0
0 412 1 378 0
0 134 1 5 0
0 274 1 104 0
0 355 1 118 0
0 113 1 50 0
0 264 1 298 0
0 313 1 289 0
0 94 1 168 0
0 52 1 101 0
0 412 1 134 0
0 274 1 83 0
0 113 1 355 0
0 313 1 264 0
0 52 1 94 0
0 412 1 274 0
0 313 1 113 0
0 412 1 52 0
0 412 1 313 0
0 34 1 204 0
0 50 1 203 0
0 118 1 415 0
0 289 1 274 0
0 298 1 173 0
0 319 1 110 0
0 101 1 45 0
0 72 1 10 0
0 238 1 344 0
0 5 1 206 0
0 385 1 320 0
0 355 1 193 0
0 23 1 309 0
0 288 1 8 0
0 107 1 3 0
0 100 1 169 0
0 233 1 2 0
0 108 1 75 0
0 13 1 295 0
0 181 1 292 0
0 402 1 386 0
0 29 1 324 0
0 36 1 372 0
0 9 1 416 0
0 396 1 31 0
0 40 1 228 0
0 270 1 176 0
0 82 1 374 0
0 409 1 378 0
0 390 1 286 0
0 127 1 122 0
0 96 1 305 0
0 359 1 161 0
0 300 1 144 0
0 349 1 380 0
0 94 1 331 0
0 379 1 88 0
0 194 1 199 0
0 241 1 43 0
0 7 1 168 0
0 51 1 129 0
0 39 1 239 0
0 80 1 404 0
0 83 1 134 0
0 76 1 58 0
0 412 1 413 0
0 125 1 77 0
0 33 1 116 0
0 212 1 46 0
0 276 1 328 0
0 158 1 376 0
0 52 1 11 0
0 17 1 313 0
0 360 1 113 0
0 132 1 93 0
0 98 1 227 0
0 64 1 264 0
0 269 1 131 0
0 299 1 104 0
0 68 1 213 0
0 35 1 44 0
0 207 1 47 0
0 157 1 419 0
0 256 1 126 0
0 34 1 50 0
0 289 1 118 0
0 298 1 319 0
0 101 1 72 0
0 238 1 5 0
0 355 1 385 0
0 288 1 23 0
0 100 1 107 0
0 233 1 108 0
0 181 1 13 0
0 402 1 29 0
0 9 1 36 0
0 396 1 40 0
0 270 1 82 0
0 390 1 409 0
0 127 1 96 0
0 359 1 300 0
0 94 1 349 0
0 194 1 379 0
0 241 1 7 0
0 51 1 39 0
0 83 1 80 0
0 76 1 412 0
0 33 1 125 0
0 276 1 212 0
0 52 1 158 0
0 17 1 360 0
0 98 1 132 0
0 269 1 64 0
0 299 1 68 0
0 35 1 207 0
0 256 1 157 0
0 34 1 289 0
0 298 1 101 0
0 238 1 355 0
0 100 1 288 0
0 233 1 181 0
0 402 1 9 0
0 396 1 270 0
0 390 1 127 0
0 359 1 94 0
0 241 1 194 0
0 51 1 83 0
0 76 1 33 0
0 52 1 276 0
0 17 1 98 0
0 269 1 299 0
0 256 1 35 0
0 34 1 298 0
0 100 1 238 0
0 233 1 402 0
0 396 1 390 0
0 241 1 359 0
0 76 1 51 0
0 17 1 52 0
0 256 1 269 0
0 100 1 34 0
0 396 1 233 0
0 76 1 241 0
0 256 1 17 0
0 100 1 396 0
0 256 1 76 0
0 256 1 100 0
0 176 1 111 0
0 359 1 105 0
0 359 1 111 0
0 2 1 333 0
0 203 1 86 0
0 271 1 340 0
0 203 1 271 0
0 48 1 249 0
0 174 1 67 0
0 251 1 48 0
0 112 1 24 0
0 103 1 287 0
0 170 1 165 0
0 152 1 363 0
0 383 1 358 0
0 152 1 383 0
0 363 1 358 0
0 171 1 419 0
0 160 1 208 0
0 417 1 166 0
0 248 1 336 0
0 8 1 220 0
0 8 1 248 0
0 336 1 220 0
0 235 1 25 0
0 75 1 85 0
0 235 1 85 0
0 33 1 313 0
0 402 1 157 0
0 33 1 402 0
0 415 1 169 0
0 36 1 190 0
0 415 1 36 0
0 97 1 94 0
0 35 1 47 0
0 94 1 47 0
0 83 1 367 0
0 210 1 88 0
0 83 1 210 0
0 82 1 269 0
0 212 1 99 0
0 212 1 269 0
0 356 1 384 0
0 52 1 328 0
0 96 1 390 0
0 52 1 96 0
0 217 1 284 0
0 77 1 397 0
0 266 1 252 0
0 217 1 397 0
0 64 1 122 0
0 10 1 173 0
0 388 1 144 0
0 272 1 347 0
0 370 1 91 0
0 405 1 148 0
0 294 1 102 0
0 189 1 329 0
0 230 1 254 0
0 218 1 365 0
0 23 1 27 0
0 205 1 263 0
0 23 1 205 0
0 69 1 410 0
0 244 1 87 0
0 168 1 262 0
0 87 1 167 0
0 4 1 323 0
0 250 1 270 0
0 4 1 270 0
0 315 1 164 0
0 316 1 179 0
0 159 1 345 0
0 368 1 310 0
0 303 1 301 0
0 368 1 303 0
0 301 1 310 0
0 106 1 399 0
0 307 1 143 0
0 321 1 198 0
0 375 1 142 0
0 267 1 38 0
0 240 1 335 0
0 267 1 240 0
0 364 1 247 0
0 215 1 408 0
0 362 1 308 0
0 215 1 406 0
0 362 1 408 0
0 65 1 185 0
0 206 1 255 0
0 206 1 65 0
0 332 1 255 0
0 126 1 155 0
0 200 1 192 0
0 126 1 200 0
0 155 1 175 0
0 350 1 18 0
0 400 1 348 0
0 400 1 63 0
0 18 1 348 0
0 385 1 117 0
0 326 1 268 0
0 385 1 326 0
0 117 1 66 0
0 184 1 120 0
0 186 1 81 0
0 219 1 297 0
0 341 1 22 0
0 153 1 146 0
0 341 1 153 0
0 304 1 180 0
0 113 1 58 0
0 118 1 96 0
0 283 1 3 0
0 43 1 372 0
0 181 1 360 0
0 35 1 412 0
0 228 1 53 0
0 82 1 150 0
0 132 1 292 0
0 168 1 276 0
0 5 1 318 0
0 374 1 304 0
0 113 1 118 0
0 9 1 283 0
0 181 1 43 0
0 35 1 228 0
0 289 1 82 0
0 132 1 168 0
0 212 1 5 0
0 374 1 113 0
0 9 1 181 0
0 35 1 289 0
0 212 1 132 0
0 374 1 9 0
0 35 1 212 0
0 374 1 35 0
0 271 1 258 0
0 176 1 306 0
0 204 1 79 0
0 319 1 338 0
0 163 1 93 0
0 383 1 11 0
0 203 1 149 0
0 260 1 26 0
0 334 1 275 0
0 127 1 172 0
0 286 1 21 0
0 130 1 386 0
0 83 1 271 0
0 176 1 204 0
0 39 1 319 0
0 383 1 163 0
0 203 1 260 0
0 334 1 274 0
0 286 1 127 0
0 130 1 238 0
0 83 1 176 0
0 383 1 39 0
0 334 1 203 0
0 130 1 286 0
0 83 1 383 0
0 334 1 130 0
0 334 1 83 0
0 13 1 320 0
0 314 1 131 0
0 68 1 158 0
0 390 1 309 0
0 44 1 122 0
0 206 1 47 0
0 107 1 354 0
0 194 1 385 0
0 237 1 376 0
0 29 1 95 0
0 40 1 246 0
0 124 1 394 0
0 13 1 94 0
0 314 1 68 0
0 355 1 390 0
0 206 1 44 0
0 194 1 107 0
0 237 1 378 0
0 29 1 40 0
0 7 1 124 0
0 314 1 13 0
0 206 1 355 0
0 237 1 194 0
0 7 1 29 0
0 206 1 314 0
0 237 1 7 0
0 237 1 206 0
0 360 1 338 0
0 193 1 376 0
0 211 1 334 0
0 126 1 349 0
0 79 1 401 0
0 298 1 45 0
0 39 1 23 0
0 173 1 149 0
0 50 1 386 0
0 379 1 383 0
0 161 1 299 0
0 11 1 306 0
0 360 1 238 0
0 193 1 211 0
0 126 1 83 0
0 298 1 79 0
0 39 1 173 0
0 50 1 52 0
0 161 1 379 0
0 359 1 11 0
0 193 1 360 0
0 126 1 298 0
0 39 1 50 0
0 359 1 161 0
0 126 1 193 0
0 359 1 39 0
0 359 1 126 0
0 309 1 72 0
0 127 1 134 0
0 288 1 129 0
0 125 1 44 0
0 43 1 260 0
0 21 1 144 0
0 145 1 121 0
0 158 1 204 0
0 131 1 352 0
0 8 1 270 0
0 227 1 411 0
0 172 1 108 0
0 64 1 309 0
0 127 1 288 0
0 94 1 125 0
0 21 1 43 0
0 145 1 158 0
0 131 1 10 0
0 227 1 8 0
0 31 1 172 0
0 64 1 127 0
0 94 1 21 0
0 145 1 131 0
0 31 1 227 0
0 64 1 94 0
0 31 1 145 0
0 31 1 64 0
0 233 1 96 0
0 273 1 234 0
0 289 1 206 0
0 181 1 374 0
0 212 1 283 0
0 264 1 124 0
0 29 1 157 0
0 17 1 58 0
0 412 1 355 0
0 228 1 35 0
0 390 1 107 0
0 33 1 292 0
0 346 1 7 0
0 47 1 97 0
0 378 1 132 0
0 256 1 82 0
0 233 1 273 0
0 181 1 289 0
0 212 1 264 0
0 17 1 29 0
0 412 1 228 0
0 390 1 33 0
0 47 1 346 0
0 256 1 378 0
0 233 1 181 0
0 212 1 17 0
0 390 1 412 0
0 256 1 47 0
0 233 1 212 0
0 256 1 390 0
0 256 1 233 0
0 98 1 43 0
0 227 1 72 0
0 61 1 277 0
0 76 1 210 0
0 223 1 64 0
0 309 1 8 0
0 36 1 127 0
0 134 1 93 0
0 213 1 328 0
0 144 1 270 0
0 129 1 395 0
0 158 1 287 0
0 10 1 131 0
0 125 1 68 0
0 231 1 288 0
0 305 1 141 0
0 227 1 98 0
0 76 1 61 0
0 223 1 309 0
0 36 1 134 0
0 144 1 213 0
0 158 1 129 0
0 125 1 10 0
0 231 1 305 0
0 227 1 76 0
0 36 1 223 0
0 144 1 158 0
0 125 1 231 0
0 227 1 36 0
0 125 1 144 0
0 227 1 125 0
0 111 1 122 0
0 283 1 372 0
0 355 1 25 0
0 228 1 180 0
0 5 1 194 0
0 273 1 107 0
0 289 1 77 0
0 116 1 234 0
0 260 1 342 0
0 132 1 82 0
0 58 1 44 0
0 276 1 385 0
0 111 1 7 0
0 283 1 355 0
0 374 1 228 0
0 273 1 5 0
0 289 1 116 0
0 17 1 260 0
0 132 1 58 0
0 276 1 88 0
0 111 1 283 0
0 374 1 273 0
0 17 1 289 0
0 132 1 276 0
0 374 1 111 0
0 132 1 17 0
0 132 1 374 0
0 359 1 173 0
0 26 1 176 0
0 299 1 204 0
0 379 1 50 0
0 238 1 306 0
0 126 1 45 0
0 241 1 334 0
0 52 1 79 0
0 23 1 383 0
0 211 1 161 0
0 203 1 360 0
0 83 1 386 0
0 298 1 319 0
0 193 1 349 0
0 39 1 11 0
0 100 1 338 0
0 359 1 26 0
0 379 1 299 0
0 126 1 238 0
0 52 1 241 0
0 23 1 211 0
0 203 1 83 0
0 298 1 193 0
0 39 1 100 0
0 379 1 359 0
0 52 1 126 0
0 203 1 23 0
0 298 1 39 0
0 379 1 52 0
0 298 1 203 0
0 298 1 379 0
0 33 1 108 0
0 125 1 407 0
0 298 1 379 0
0 288 1 10 0
0 359 1 210 0
0 36 1 145 0
0 292 1 181 0
0 98 1 58 0
0 31 1 131 0
0 94 1 168 0
0 76 1 129 0
0 172 1 305 0
0 72 1 64 0
0 134 1 270 0
0 413 1 277 0
0 264 1 328 0
0 33 1 125 0
0 288 1 298 0
0 359 1 36 0
0 98 1 292 0
0 31 1 94 0
0 76 1 172 0
0 134 1 72 0
0 264 1 413 0
0 33 1 288 0
0 98 1 359 0
0 31 1 76 0
0 134 1 264 0
0 98 1 33 0
0 31 1 134 0
0 98 1 31 0
0 374 1 95 0
0 132 1 40 0
0 157 1 45 0
0 96 1 111 0
0 289 1 318 0
0 158 1 44 0
0 13 1 29 0
0 273 1 116 0
0 415 1 35 0
0 113 1 409 0
0 228 1 107 0
0 88 1 376 0
0 378 1 92 0
0 372 1 77 0
0 47 1 110 0
0 385 1 233 0
0 374 1 132 0
0 96 1 157 0
0 158 1 289 0
0 273 1 13 0
0 415 1 113 0
0 88 1 228 0
0 372 1 378 0
0 385 1 47 0
0 374 1 96 0
0 273 1 158 0
0 88 1 415 0
0 385 1 372 0
0 374 1 273 0
0 88 1 385 0
0 88 1 374 0
0 361 1 279 0
0 360 1 176 0
0 193 1 334 0
0 214 1 306 0
0 338 1 128 0
0 50 1 211 0
0 386 1 241 0
0 299 1 204 0
0 11 1 79 0
0 161 1 286 0
0 203 1 173 0
0 322 1 383 0
0 52 1 361 0
0 360 1 193 0
0 23 1 214 0
0 50 1 338 0
0 386 1 299 0
0 11 1 39 0
0 203 1 161 0
0 83 1 322 0
0 52 1 360 0
0 23 1 50 0
0 11 1 386 0
0 203 1 83 0
0 52 1 23 0
0 203 1 11 0
0 52 1 203 0
0 269 1 29 0
0 80 1 122 0
0 228 1 5 0
0 39 1 72 0
0 328 1 210 0
0 50 1 204 0
0 241 1 270 0
0 313 1 157 0
0 107 1 309 0
0 234 1 169 0
0 8 1 125 0
0 13 1 409 0
0 295 1 283 0
0 58 1 77 0
0 172 1 227 0
0 116 1 182 0
0 158 1 132 0
0 299 1 349 0
0 412 1 144 0
0 11 1 96 0
0 134 1 281 0
0 415 1 129 0
0 223 1 231 0
0 379 1 161 0
0 372 1 131 0
0 36 1 168 0
0 173 1 68 0
0 194 1 127 0
0 43 1 276 0
0 93 1 206 0
0 369 1 113 0
0 193 1 288 0
0 100 1 269 0
0 378 1 80 0
0 228 1 355 0
0 39 1 10 0
0 328 1 51 0
0 50 1 82 0
0 292 1 241 0
0 98 1 313 0
0 107 1 33 0
0 213 1 234 0
0 8 1 396 0
0 13 1 298 0
0 295 1 374 0
0 64 1 58 0
0 264 1 172 0
0 305 1 116 0
0 31 1 158 0
0 299 1 289 0
0 412 1 331 0
0 238 1 11 0
0 88 1 134 0
0 415 1 83 0
0 223 1 181 0
0 379 1 233 0
0 359 1 372 0
0 23 1 36 0
0 76 1 173 0
0 17 1 194 0
0 43 1 52 0
0 94 1 93 0
0 273 1 369 0
0 256 1 193 0
0 378 1 100 0
0 228 1 39 0
0 50 1 328 0
0 98 1 292 0
0 213 1 107 0
0 13 1 8 0
0 64 1 295 0
0 264 1 305 0
0 31 1 299 0
0 238 1 412 0
0 415 1 88 0
0 223 1 379 0
0 23 1 359 0
0 76 1 17 0
0 43 1 94 0
0 256 1 273 0
0 378 1 228 0
0 98 1 50 0
0 213 1 13 0
0 64 1 264 0
0 31 1 238 0
0 415 1 223 0
0 76 1 23 0
0 256 1 43 0
0 98 1 378 0
0 213 1 64 0
0 415 1 31 0
0 256 1 76 0
0 98 1 213 0
0 256 1 415 0
0 98 1 256 0
0 228 1 223 0
0 169 1 127 0
0 309 1 161 0
0 349 1 68 0
0 138 1 60 0
0 72 1 5 0
0 134 1 13 0
0 107 1 288 0
0 194 1 269 0
0 43 1 386 0
0 235 1 157 0
0 203 1 210 0
0 113 1 58 0
0 367 1 352 0
0 118 1 125 0
0 47 1 96 0
0 295 1 237 0
0 50 1 129 0
0 36 1 29 0
0 131 1 168 0
0 261 1 287 0
0 173 1 11 0
0 158 1 126 0
0 412 1 372 0
0 270 1 116 0
0 206 1 77 0
0 227 1 299 0
0 409 1 313 0
0 40 1 285 0
0 144 1 204 0
0 360 1 241 0
0 413 1 150 0
0 100 1 228 0
0 169 1 181 0
0 309 1 355 0
0 10 1 349 0
0 138 1 88 0
0 76 1 72 0
0 134 1 264 0
0 107 1 212 0
0 233 1 194 0
0 43 1 35 0
0 213 1 235 0
0 298 1 203 0
0 113 1 51 0
0 273 1 367 0
0 145 1 118 0
0 98 1 47 0
0 305 1 295 0
0 415 1 50 0
0 36 1 289 0
0 64 1 131 0
0 52 1 261 0
0 402 1 173 0
0 292 1 158 0
0 33 1 412 0
0 31 1 270 0
0 132 1 206 0
0 227 1 396 0
0 17 1 409 0
0 238 1 40 0
0 144 1 94 0
0 379 1 360 0
0 413 1 256 0
0 100 1 169 0
0 10 1 309 0
0 76 1 138 0
0 107 1 134 0
0 43 1 233 0
0 213 1 298 0
0 273 1 113 0
0 98 1 145 0
0 415 1 305 0
0 36 1 64 0
0 402 1 52 0
0 33 1 292 0
0 31 1 132 0
0 227 1 17 0
0 238 1 144 0
0 379 1 413 0
0 10 1 100 0
0 76 1 107 0
0 213 1 43 0
0 98 1 273 0
0 415 1 36 0
0 33 1 402 0
0 31 1 227 0
0 238 1 379 0
0 10 1 76 0
0 98 1 213 0
0 33 1 415 0
0 238 1 31 0
0 10 1 98 0
0 33 1 238 0
0 10 1 33 0
0 203 1 299 0
0 298 1 414 0
0 298 1 203 0
0 161 1 414 0
0 2 1 181 0
0 412 1 214 0
0 245 1 158 0
0 289 1 180 0
0 124 1 237 0
0 124 1 289 0
0 237 1 314 0
0 383 1 73 0
0 112 1 322 0
0 112 1 383 0
0 103 1 363 0
0 349 1 336 0
0 391 1 8 0
0 257 1 380 0
0 251 1 395 0
0 174 1 133 0
0 395 1 249 0
0 135 1 251 0
0 40 1 171 0
0 160 1 225 0
0 40 1 160 0
0 418 1 137 0
0 107 1 235 0
0 75 1 211 0
0 107 1 75 0
0 235 1 211 0
0 33 1 292 0
0 34 1 378 0
0 34 1 33 0
0 292 1 378 0
0 374 1 390 0
0 52 1 43 0
0 374 1 52 0
0 100 1 217 0
0 77 1 415 0
0 100 1 77 0
0 10 1 337 0
0 64 1 82 0
0 288 1 82 0
0 230 1 368 0
0 218 1 178 0
0 188 1 218 0
0 117 1 244 0
0 168 1 326 0
0 168 1 117 0
0 326 1 244 0
0 106 1 316 0
0 307 1 177 0
0 106 1 177 0
0 224 1 370 0
0 221 1 362 0
0 362 1 370 0
0 200 1 186 0
0 184 1 389 0
0 200 1 184 0
0 62 1 59 0
0 206 1 250 0
0 6 1 4 0
0 293 1 84 0
0 280 1 371 0
0 335 1 18 0
0 400 1 364 0
0 400 1 335 0
0 32 1 364 0
0 23 1 282 0
0 341 1 263 0
0 23 1 341 0
0 187 1 115 0
0 161 1 136 0
0 299 1 129 0
0 241 1 44 0
0 352 1 104 0
0 127 1 328 0
0 300 1 379 0
0 288 1 285 0
0 223 1 80 0
0 11 1 409 0
0 144 1 172 0
0 227 1 108 0
0 284 1 3 0
0 161 1 64 0
0 241 1 299 0
0 402 1 352 0
0 127 1 300 0
0 223 1 288 0
0 305 1 11 0
0 144 1 227 0
0 10 1 284 0
0 241 1 161 0
0 127 1 402 0
0 223 1 305 0
0 144 1 10 0
0 241 1 127 0
0 144 1 223 0
0 144 1 241 0
0 396 1 349 0
0 131 1 390 0
0 385 1 269 0
0 58 1 274 0
0 35 1 116 0
0 360 1 150 0
0 334 1 194 0
0 5 1 113 0
0 237 1 47 0
0 107 1 197 0
0 270 1 331 0
0 4 1 378 0
0 78 1 101 0
0 26 1 111 0
0 311 1 157 0
0 83 1 250 0
0 396 1 131 0
0 385 1 58 0
0 35 1 360 0
0 5 1 334 0
0 107 1 237 0
0 270 1 4 0
0 26 1 78 0
0 311 1 83 0
0 396 1 385 0
0 35 1 5 0
0 107 1 270 0
0 26 1 311 0
0 396 1 35 0
0 26 1 107 0
0 26 1 396 0
0 379 1 23 0
0 306 1 289 0
0 213 1 243 0
0 145 1 17 0
0 412 1 269 0
0 390 1 396 0
0 355 1 376 0
0 157 1 96 0
0 52 1 111 0
0 298 1 161 0
0 35 1 43 0
0 58 1 234 0
0 372 1 36 0
0 264 1 113 0
0 88 1 125 0
0 83 1 134 0
0 378 1 241 0
0 228 1 274 0
0 181 1 47 0
0 415 1 276 0
0 51 1 173 0
0 5 1 94 0
0 132 1 413 0
0 126 1 237 0
0 100 1 379 0
0 213 1 306 0
0 145 1 412 0
0 390 1 360 0
0 33 1 355 0
0 157 1 52 0
0 35 1 298 0
0 58 1 374 0
0 212 1 372 0
0 88 1 264 0
0 378 1 83 0
0 233 1 228 0
0 359 1 181 0
0 51 1 415 0
0 132 1 5 0
0 34 1 126 0
0 100 1 213 0
0 145 1 390 0
0 33 1 157 0
0 35 1 58 0
0 212 1 88 0
0 233 1 378 0
0 359 1 51 0
0 34 1 132 0
0 145 1 100 0
0 33 1 35 0
0 233 1 212 0
0 34 1 359 0
0 145 1 33 0
0 34 1 233 0
0 34 1 145 0
0 5 1 111 0
0 385 1 241 0
0 23 1 327 0
0 113 1 203 0
0 239 1 107 0
0 161 1 125 0
0 386 1 134 0
0 372 1 286 0
0 127 1 296 0
0 352 1 311 0
0 50 1 58 0
0 30 1 77 0
0 124 1 193 0
0 173 1 197 0
0 360 1 96 0
0 334 1 45 0
0 233 1 5 0
0 385 1 172 0
0 94 1 23 0
0 238 1 113 0
0 359 1 239 0
0 314 1 161 0
0 83 1 386 0
0 372 1 298 0
0 88 1 127 0
0 26 1 352 0
0 132 1 50 0
0 212 1 30 0
0 124 1 51 0
0 264 1 173 0
0 360 1 145 0
0 34 1 334 0
0 233 1 385 0
0 238 1 94 0
0 359 1 314 0
0 372 1 83 0
0 88 1 26 0
0 212 1 132 0
0 124 1 264 0
0 34 1 360 0
0 238 1 233 0
0 372 1 359 0
0 212 1 88 0
0 34 1 124 0
0 372 1 238 0
0 34 1 212 0
0 34 1 372 0
0 306 1 237 0
0 277 1 40 0
0 157 1 87 0
0 270 1 274 0
0 309 1 356 0
0 390 1 116 0
0 126 1 206 0
0 331 1 99 0
0 207 1 155 0
0 318 1 269 0
0 194 1 29 0
0 118 1 131 0
0 306 1 289 0
0 157 1 277 0
0 270 1 36 0
0 390 1 309 0
0 126 1 331 0
0 207 1 35 0
0 318 1 194 0
0 118 1 374 0
0 306 1 157 0
0 390 1 270 0
0 126 1 207 0
0 118 1 318 0
0 306 1 390 0
0 118 1 126 0
0 306 1 118 0
0 299 1 80 0
0 327 1 398 0
0 203 1 50 0
0 227 1 241 0
0 19 1 361 0
0 193 1 83 0
0 107 1 412 0
0 90 1 5 0
0 313 1 211 0
0 210 1 47 0
0 334 1 352 0
0 372 1 26 0
0 238 1 299 0
0 203 1 327 0
0 227 1 355 0
0 19 1 193 0
0 107 1 90 0
0 396 1 313 0
0 334 1 210 0
0 372 1 31 0
0 238 1 203 0
0 227 1 19 0
0 107 1 396 0
0 372 1 334 0
0 227 1 238 0
0 107 1 372 0
0 107 1 227 0
0 116 1 309 0
0 173 1 118 0
0 43 1 270 0
0 328 1 331 0
0 386 1 131 0
0 29 1 312 0
0 274 1 81 0
0 147 1 75 0
0 122 1 40 0
0 349 1 15 0
0 383 1 176 0
0 385 1 54 0
0 116 1 289 0
0 43 1 173 0
0 328 1 126 0
0 386 1 29 0
0 274 1 147 0
0 122 1 390 0
0 349 1 383 0
0 385 1 100 0
0 43 1 116 0
0 328 1 386 0
0 122 1 274 0
0 385 1 349 0
0 328 1 43 0
0 385 1 122 0
0 328 1 385 0
0 319 1 206 0
0 58 1 45 0
0 378 1 127 0
0 194 1 3 0
0 269 1 161 0
0 306 1 52 0
0 237 1 39 0
0 124 1 376 0
0 46 1 77 0
0 318 1 96 0
0 157 1 55 0
0 258 1 13 0
0 88 1 319 0
0 378 1 58 0
0 194 1 298 0
0 269 1 306 0
0 124 1 237 0
0 76 1 46 0
0 157 1 318 0
0 33 1 258 0
0 378 1 88 0
0 194 1 269 0
0 76 1 124 0
0 33 1 157 0
0 378 1 194 0
0 33 1 76 0
0 33 1 378 0
0 158 1 372 0
0 379 1 274 0
0 50 1 52 0
0 23 1 305 0
0 83 1 125 0
0 288 1 360 0
0 213 1 299 0
0 36 1 241 0
0 113 1 374 0
0 51 1 145 0
0 396 1 412 0
0 47 1 76 0
0 77 1 334 0
0 378 1 96 0
0 88 1 134 0
0 35 1 17 0
0 173 1 132 0
0 289 1 276 0
0 193 1 58 0
0 157 1 206 0
0 415 1 238 0
0 298 1 94 0
0 264 1 26 0
0 39 1 270 0
0 33 1 158 0
0 50 1 379 0
0 23 1 83 0
0 10 1 288 0
0 213 1 233 0
0 36 1 113 0
0 396 1 51 0
0 212 1 47 0
0 31 1 77 0
0 378 1 88 0
0 173 1 35 0
0 98 1 289 0
0 359 1 193 0
0 415 1 157 0
0 298 1 264 0
0 34 1 39 0
0 33 1 50 0
0 10 1 23 0
0 36 1 213 0
0 396 1 212 0
0 31 1 378 0
0 173 1 98 0
0 359 1 415 0
0 34 1 298 0
0 33 1 10 0
0 36 1 396 0
0 31 1 173 0
0 359 1 34 0
0 33 1 36 0
0 359 1 31 0
0 33 1 359 0
0 331 1 227 0
0 396 1 385 0
0 374 1 390 0
0 212 1 50 0
0 306 1 23 0
0 372 1 415 0
0 288 1 96 0
0 113 1 35 0
0 298 1 203 0
0 238 1 134 0
0 144 1 7 0
0 126 1 355 0
0 83 1 193 0
0 270 1 201 0
0 51 1 101 0
0 305 1 292 0
0 378 1 132 0
0 145 1 264 0
0 52 1 39 0
0 207 1 94 0
0 125 1 64 0
0 36 1 17 0
0 47 1 412 0
0 289 1 379 0
0 33 1 331 0
0 396 1 374 0
0 212 1 306 0
0 98 1 372 0
0 100 1 288 0
0 113 1 298 0
0 238 1 144 0
0 126 1 31 0
0 83 1 10 0
0 51 1 270 0
0 378 1 305 0
0 145 1 233 0
0 52 1 359 0
0 125 1 207 0
0 36 1 47 0
0 34 1 289 0
0 33 1 396 0
0 212 1 98 0
0 100 1 113 0
0 238 1 126 0
0 51 1 83 0
0 145 1 378 0
0 52 1 125 0
0 34 1 36 0
0 33 1 212 0
0 100 1 238 0
0 51 1 145 0
0 34 1 52 0
0 33 1 100 0
0 34 1 51 0
0 34 1 33 0
0 121 1 13 0
0 241 1 45 0
0 237 1 58 0
0 125 1 127 0
0 302 1 376 0
0 390 1 306 0
0 269 1 83 0
0 227 1 288 0
0 134 1 40 0
0 144 1 206 0
0 14 1 349 0
0 161 1 222 0
0 52 1 121 0
0 241 1 237 0
0 125 1 292 0
0 390 1 302 0
0 269 1 227 0
0 7 1 134 0
0 144 1 14 0
0 161 1 64 0
0 52 1 241 0
0 125 1 390 0
0 269 1 7 0
0 144 1 161 0
0 125 1 52 0
0 269 1 144 0
0 269 1 125 0
0 131 1 193 0
0 210 1 152 0
0 194 1 39 0
0 5 1 156 0
0 77 1 373 0
0 278 1 299 0
0 325 1 107 0
0 173 1 11 0
0 223 1 72 0
0 360 1 94 0
0 150 1 286 0
0 334 1 122 0
0 10 1 131 0
0 210 1 194 0
0 5 1 337 0
0 77 1 278 0
0 173 1 325 0
0 223 1 305 0
0 360 1 150 0
0 359 1 334 0
0 210 1 10 0
0 5 1 77 0
0 173 1 223 0
0 359 1 360 0
0 5 1 210 0
0 359 1 173 0
0 359 1 5 0
0 34 1 19 0
0 161 1 107 0
0 385 1 309 0
0 35 1 390 0
0 36 1 118 0
0 194 1 288 0
0 82 1 295 0
0 87 1 305 0
0 298 1 150 0
0 391 1 237 0
0 116 1 72 0
0 415 1 378 0
0 25 1 264 0
0 58 1 376 0
0 23 1 126 0
0 31 1 274 0
0 100 1 265 0
0 155 1 241 0
0 157 1 158 0
0 144 1 94 0
0 52 1 26 0
0 75 1 8 0
0 269 1 169 0
0 396 1 313 0
0 10 1 121 0
0 11 1 96 0
0 228 1 93 0
0 43 1 17 0
0 83 1 77 0
0 319 1 104 0
0 276 1 50 0
0 98 1 283 0
0 212 1 47 0
0 286 1 127 0
0 124 1 122 0
0 39 1 403 0
0 147 1 312 0
0 306 1 206 0
0 193 1 79 0
0 238 1 314 0
0 88 1 40 0
0 73 1 13 0
0 239 1 292 0
0 51 1 386 0
0 379 1 409 0
0 242 1 223 0
0 134 1 203 0
0 233 1 189 0
0 359 1 111 0
0 372 1 304 0
0 331 1 351 0
0 95 1 355 0
0 145 1 195 0
0 113 1 334 0
0 5 1 270 0
0 64 1 227 0
0 374 1 412 0
0 210 1 125 0
0 132 1 45 0
0 360 1 7 0
0 289 1 300 0
0 131 1 373 0
0 173 1 349 0
0 33 1 168 0
0 34 1 161 0
0 35 1 385 0
0 194 1 36 0
0 87 1 82 0
0 298 1 391 0
0 415 1 116 0
0 58 1 25 0
0 31 1 23 0
0 100 1 155 0
0 144 1 157 0
0 52 1 75 0
0 396 1 269 0
0 10 1 11 0
0 228 1 43 0
0 83 1 319 0
0 98 1 276 0
0 212 1 286 0
0 39 1 124 0
0 306 1 147 0
0 238 1 193 0
0 88 1 73 0
0 51 1 239 0
0 379 1 242 0
0 233 1 134 0
0 359 1 372 0
0 331 1 95 0
0 145 1 113 0
0 5 1 64 0
0 374 1 210 0
0 132 1 360 0
0 289 1 131 0
0 33 1 173 0
0 34 1 35 0
0 194 1 87 0
0 298 1 415 0
0 31 1 58 0
0 100 1 144 0
0 52 1 396 0
0 10 1 228 0
0 98 1 83 0
0 212 1 39 0
0 306 1 238 0
0 51 1 88 0
0 379 1 233 0
0 359 1 331 0
0 145 1 5 0
0 132 1 374 0
0 33 1 289 0
0 34 1 194 0
0 298 1 31 0
0 100 1 52 0
0 98 1 10 0
0 306 1 212 0
0 51 1 379 0
0 359 1 145 0
0 33 1 132 0
0 34 1 298 0
0 98 1 100 0
0 306 1 51 0
0 359 1 33 0
0 34 1 98 0
0 359 1 306 0
0 34 1 359 0
0 158 1 61 0
0 385 1 392 0
0 372 1 141 0
0 412 1 295 0
0 312 1 416 0
0 47 1 127 0
0 96 1 270 0
0 206 1 126 0
0 72 1 80 0
0 108 1 390 0
0 324 1 169 0
0 43 1 360 0
0 35 1 158 0
0 372 1 385 0
0 379 1 412 0
0 312 1 47 0
0 206 1 96 0
0 72 1 355 0
0 108 1 324 0
0 43 1 94 0
0 35 1 372 0
0 312 1 379 0
0 72 1 206 0
0 43 1 108 0
0 35 1 312 0
0 43 1 72 0
0 35 1 43 0
0 366 1 157 0
0 376 1 318 0
0 40 1 378 0
0 113 1 223 0
0 269 1 300 0
0 213 1 237 0
0 264 1 29 0
0 5 1 56 0
0 194 1 190 0
0 135 1 36 0
0 161 1 118 0
0 58 1 309 0
0 374 1 366 0
0 40 1 376 0
0 17 1 113 0
0 213 1 269 0
0 264 1 5 0
0 402 1 194 0
0 161 1 135 0
0 256 1 58 0
0 374 1 40 0
0 213 1 17 0
0 402 1 264 0
0 256 1 161 0
0 213 1 374 0
0 256 1 402 0
0 256 1 213 0
0 415 1 33 0
0 270 1 366 0
0 390 1 331 0
0 376 1 35 0
0 88 1 157 0
0 47 1 107 0
0 132 1 58 0
0 145 1 46 0
0 372 1 374 0
0 300 1 68 0
0 96 1 194 0
0 359 1 309 0
0 378 1 269 0
0 72 1 385 0
0 113 1 144 0
0 256 1 126 0
0 415 1 270 0
0 390 1 376 0
0 88 1 47 0
0 132 1 145 0
0 300 1 372 0
0 96 1 359 0
0 72 1 378 0
0 256 1 113 0
0 415 1 390 0
0 88 1 132 0
0 300 1 96 0
0 256 1 72 0
0 415 1 88 0
0 256 1 300 0
0 415 1 256 0
0 233 1 289 0
0 51 1 118 0
0 94 1 162 0
0 276 1 17 0
0 50 1 31 0
0 227 1 134 0
0 43 1 80 0
0 412 1 305 0
0 396 1 288 0
0 402 1 49 0
0 213 1 295 0
0 264 1 212 0
0 64 1 339 0
0 7 1 210 0
0 355 1 36 0
0 100 1 379 0
0 51 1 233 0
0 94 1 276 0
0 227 1 50 0
0 43 1 412 0
0 402 1 396 0
0 264 1 213 0
0 64 1 7 0
0 100 1 355 0
0 51 1 94 0
0 43 1 227 0
0 402 1 264 0
0 100 1 64 0
0 51 1 43 0
0 100 1 402 0
0 100 1 51 0
0 206 1 81 0
0 228 1 193 0
0 96 1 161 0
0 349 1 104 0
0 270 1 334 0
0 173 1 325 0
0 47 1 309 0
0 360 1 328 0
0 44 1 13 0
0 107 1 376 0
0 237 1 274 0
0 168 1 158 0
0 289 1 206 0
0 228 1 96 0
0 349 1 379 0
0 270 1 173 0
0 360 1 47 0
0 39 1 44 0
0 107 1 237 0
0 94 1 168 0
0 289 1 228 0
0 349 1 270 0
0 39 1 360 0
0 94 1 107 0
0 289 1 349 0
0 94 1 39 0
0 289 1 94 0
0 49 1 7 0
0 77 1 313 0
0 292 1 331 0
0 134 1 223 0
0 58 1 203 0
0 144 1 412 0
0 50 1 5 0
0 118 1 355 0
0 40 1 390 0
0 210 1 57 0
0 339 1 288 0
0 68 1 271 0
0 396 1 49 0
0 77 1 292 0
0 36 1 134 0
0 58 1 144 0
0 118 1 50 0
0 306 1 40 0
0 210 1 339 0
0 68 1 298 0
0 77 1 396 0
0 58 1 36 0
0 306 1 118 0
0 68 1 210 0
0 58 1 77 0
0 68 1 306 0
0 58 1 68 0
0 256 1 173 0
0 68 1 202 0
0 127 1 309 0
0 157 1 50 0
0 94 1 414 0
0 288 1 334 0
0 360 1 211 0
0 412 1 415 0
0 64 1 104 0
0 25 1 107 0
0 274 1 122 0
0 39 1 35 0
0 378 1 158 0
0 355 1 138 0
0 390 1 141 0
0 31 1 180 0
0 100 1 409 0
0 161 1 344 0
0 108 1 168 0
0 203 1 273 0
0 374 1 300 0
0 2 1 93 0
0 118 1 260 0
0 213 1 367 0
0 10 1 318 0
0 82 1 144 0
0 126 1 210 0
0 131 1 238 0
0 372 1 373 0
0 134 1 385 0
0 116 1 295 0
0 7 1 233 0
0 13 1 359 0
0 132 1 292 0
0 276 1 269 0
0 227 1 379 0
0 396 1 324 0
0 182 1 96 0
0 11 1 242 0
0 51 1 241 0
0 402 1 40 0
0 47 1 206 0
0 312 1 155 0
0 145 1 382 0
0 289 1 194 0
0 95 1 339 0
0 223 1 207 0
0 33 1 265 0
0 98 1 125 0
0 264 1 193 0
0 113 1 119 0
0 36 1 43 0
0 331 1 305 0
0 5 1 270 0
0 183 1 83 0
0 72 1 212 0
0 298 1 237 0
0 349 1 376 0
0 19 1 23 0
0 52 1 328 0
0 313 1 306 0
0 228 1 58 0
0 77 1 169 0
0 34 1 8 0
0 256 1 68 0
0 157 1 127 0
0 94 1 288 0
0 412 1 360 0
0 64 1 25 0
0 39 1 274 0
0 378 1 355 0
0 31 1 390 0
0 161 1 100 0
0 108 1 203 0
0 2 1 374 0
0 213 1 118 0
0 10 1 82 0
0 131 1 126 0
0 372 1 134 0
0 116 1 7 0
0 132 1 13 0
0 227 1 276 0
0 396 1 182 0
0 51 1 11 0
0 402 1 47 0
0 145 1 312 0
0 95 1 289 0
0 33 1 223 0
0 98 1 264 0
0 113 1 36 0
0 5 1 331 0
0 72 1 183 0
0 349 1 298 0
0 52 1 19 0
0 313 1 228 0
0 34 1 77 0
0 256 1 157 0
0 94 1 412 0
0 39 1 64 0
0 31 1 378 0
0 108 1 161 0
0 213 1 2 0
0 10 1 131 0
0 372 1 116 0
0 132 1 227 0
0 51 1 396 0
0 145 1 402 0
0 95 1 33 0
0 98 1 113 0
0 5 1 72 0
0 349 1 52 0
0 34 1 313 0
0 256 1 94 0
0 31 1 39 0
0 213 1 108 0
0 10 1 372 0
0 51 1 132 0
0 145 1 95 0
0 98 1 5 0
0 34 1 349 0
0 31 1 256 0
0 10 1 213 0
0 51 1 145 0
0 34 1 98 0
0 31 1 10 0
0 51 1 34 0
0 51 1 31 0
0 383 1 75 0
0 90 1 131 0
0 379 1 207 0
0 235 1 40 0
0 193 1 11 0
0 118 1 242 0
0 292 1 229 0
0 319 1 239 0
0 176 1 286 0
0 331 1 50 0
0 284 1 357 0
0 19 1 334 0
0 238 1 383 0
0 379 1 90 0
0 52 1 235 0
0 193 1 118 0
0 319 1 292 0
0 35 1 176 0
0 284 1 331 0
0 19 1 298 0
0 379 1 238 0
0 52 1 193 0
0 35 1 319 0
0 284 1 19 0
0 52 1 379 0
0 35 1 284 0
0 52 1 35 0
0 169 1 129 0
0 395 1 204 0
0 300 1 82 0
0 80 1 352 0
0 119 1 25 0
0 283 1 288 0
0 127 1 313 0
0 8 1 312 0
0 382 1 324 0
0 355 1 13 0
0 30 1 139 0
0 104 1 265 0
0 169 1 58 0
0 395 1 300 0
0 80 1 72 0
0 119 1 283 0
0 8 1 127 0
0 144 1 382 0
0 30 1 355 0
0 94 1 104 0
0 395 1 169 0
0 80 1 119 0
0 144 1 8 0
0 30 1 94 0
0 395 1 80 0
0 144 1 30 0
0 144 1 395 0
0 158 1 274 0
0 147 1 61 0
0 269 1 113 0
0 349 1 260 0
0 122 1 23 0
0 194 1 191 0
0 47 1 386 0
0 124 1 203 0
0 234 1 130 0
0 126 1 107 0
0 161 1 328 0
0 173 1 270 0
0 158 1 289 0
0 147 1 269 0
0 306 1 349 0
0 122 1 194 0
0 47 1 124 0
0 181 1 234 0
0 161 1 126 0
0 173 1 83 0
0 147 1 158 0
0 306 1 122 0
0 47 1 181 0
0 161 1 173 0
0 306 1 147 0
0 161 1 47 0
0 306 1 161 0
0 121 1 413 0
0 210 1 385 0
0 43 1 168 0
0 223 1 395 0
0 68 1 135 0
0 288 1 265 0
0 227 1 206 0
0 13 1 324 0
0 129 1 127 0
0 58 1 80 0
0 309 1 259 0
0 313 1 155 0
0 402 1 121 0
0 210 1 43 0
0 76 1 223 0
0 288 1 68 0
0 13 1 227 0
0 72 1 129 0
0 58 1 309 0
0 10 1 313 0
0 210 1 402 0
0 288 1 76 0
0 72 1 13 0
0 10 1 58 0
0 288 1 210 0
0 10 1 72 0
0 10 1 288 0
0 239 1 21 0
0 328 1 75 0
0 334 1 360 0
0 122 1 40 0
0 234 1 242 0
0 190 1 47 0
0 264 1 193 0
0 343 1 274 0
0 331 1 131 0
0 149 1 107 0
0 266 1 16 0
0 87 1 258 0
0 88 1 239 0
0 328 1 334 0
0 122 1 415 0
0 190 1 234 0
0 264 1 343 0
0 331 1 181 0
0 149 1 266 0
0 87 1 52 0
0 88 1 328 0
0 122 1 190 0
0 331 1 264 0
0 87 1 149 0
0 88 1 122 0
0 331 1 87 0
0 331 1 88 0
0 298 1 319 0
0 55 1 194 0
0 50 1 83 0
0 39 1 306 0
0 314 1 289 0
0 366 1 292 0
0 383 1 5 0
0 379 1 173 0
0 270 1 378 0
0 23 1 269 0
0 126 1 284 0
0 238 1 376 0
0 35 1 113 0
0 203 1 125 0
0 118 1 157 0
0 359 1 286 0
0 298 1 55 0
0 50 1 39 0
0 314 1 366 0
0 383 1 379 0
0 270 1 23 0
0 238 1 126 0
0 203 1 35 0
0 359 1 118 0
0 50 1 298 0
0 314 1 383 0
0 270 1 238 0
0 203 1 359 0
0 50 1 314 0
0 270 1 203 0
0 270 1 50 0
0 110 1 355 0
0 409 1 211 0
0 223 1 413 0
0 75 1 127 0
0 210 1 135 0
0 264 1 189 0
0 93 1 112 0
0 138 1 172 0
0 116 1 186 0
0 64 1 407 0
0 317 1 312 0
0 353 1 205 0
0 52 1 110 0
0 409 1 223 0
0 94 1 75 0
0 210 1 264 0
0 138 1 93 0
0 289 1 116 0
0 317 1 64 0
0 98 1 353 0
0 52 1 409 0
0 210 1 94 0
0 289 1 138 0
0 98 1 317 0
0 52 1 210 0
0 98 1 289 0
0 52 1 98 0
0 40 1 193 0
0 77 1 286 0
0 194 1 87 0
0 203 1 334 0
0 131 1 314 0
0 331 1 5 0
0 328 1 157 0
0 122 1 270 0
0 239 1 258 0
0 173 1 360 0
0 2 1 377 0
0 124 1 214 0
0 40 1 378 0
0 194 1 77 0
0 203 1 379 0
0 331 1 131 0
0 328 1 122 0
0 239 1 47 0
0 173 1 2 0
0 124 1 359 0
0 40 1 194 0
0 203 1 331 0
0 239 1 328 0
0 124 1 173 0
0 40 1 203 0
0 124 1 239 0
0 124 1 40 0
0 121 1 309 0
0 226 1 324 0
0 300 1 68 0
0 28 1 96 0
0 49 1 108 0
0 206 1 237 0
0 313 1 169 0
0 13 1 113 0
0 265 1 123 0
0 134 1 104 0
0 155 1 111 0
0 228 1 369 0
0 129 1 7 0
0 412 1 20 0
0 80 1 168 0
0 385 1 158 0
0 121 1 10 0
0 181 1 226 0
0 300 1 132 0
0 374 1 28 0
0 49 1 396 0
0 206 1 43 0
0 313 1 144 0
0 76 1 13 0
0 265 1 344 0
0 372 1 134 0
0 227 1 155 0
0 212 1 228 0
0 145 1 129 0
0 36 1 412 0
0 58 1 80 0
0 33 1 385 0
0 181 1 121 0
0 300 1 374 0
0 49 1 206 0
0 313 1 76 0
0 372 1 265 0
0 212 1 227 0
0 145 1 36 0
0 33 1 58 0
0 181 1 300 0
0 313 1 49 0
0 372 1 212 0
0 33 1 145 0
0 313 1 181 0
0 33 1 372 0
0 33 1 313 0
0 182 1 292 0
0 234 1 374 0
0 412 1 305 0
0 51 1 237 0
0 93 1 72 0
0 372 1 289 0
0 158 1 181 0
0 111 1 96 0
0 288 1 108 0
0 213 1 212 0
0 227 1 306 0
0 379 1 125 0
0 228 1 83 0
0 132 1 273 0
0 238 1 409 0
0 52 1 144 0
0 36 1 43 0
0 47 1 145 0
0 415 1 169 0
0 64 1 94 0
0 298 1 396 0
0 7 1 402 0
0 269 1 107 0
0 113 1 134 0
0 33 1 182 0
0 412 1 234 0
0 51 1 93 0
0 372 1 359 0
0 31 1 158 0
0 111 1 288 0
0 227 1 213 0
0 233 1 379 0
0 10 1 228 0
0 132 1 238 0
0 36 1 52 0
0 47 1 309 0
0 100 1 415 0
0 298 1 64 0
0 7 1 269 0
0 34 1 113 0
0 33 1 412 0
0 372 1 51 0
0 31 1 111 0
0 233 1 227 0
0 132 1 10 0
0 47 1 36 0
0 100 1 298 0
0 34 1 7 0
0 372 1 33 0
0 31 1 233 0
0 132 1 47 0
0 34 1 100 0
0 372 1 31 0
0 34 1 132 0
0 34 1 372 0
0 125 1 107 0
0 50 1 138 0
0 374 1 49 0
0 7 1 298 0
0 145 1 181 0
0 269 1 155 0
0 76 1 305 0
0 415 1 412 0
0 402 1 300 0
0 212 1 372 0
0 113 1 292 0
0 43 1 379 0
0 206 1 378 0
0 132 1 83 0
0 64 1 10 0
0 238 1 35 0
0 182 1 194 0
0 47 1 273 0
0 58 1 289 0
0 94 1 306 0
0 51 1 144 0
0 396 1 108 0
0 36 1 227 0
0 213 1 173 0
0 256 1 125 0
0 50 1 374 0
0 7 1 145 0
0 269 1 360 0
0 98 1 76 0
0 402 1 415 0
0 212 1 113 0
0 31 1 43 0
0 100 1 206 0
0 132 1 64 0
0 238 1 182 0
0 47 1 33 0
0 233 1 58 0
0 51 1 94 0
0 36 1 396 0
0 213 1 385 0
0 256 1 50 0
0 7 1 269 0
0 98 1 402 0
0 212 1 31 0
0 100 1 132 0
0 238 1 47 0
0 51 1 233 0
0 213 1 36 0
0 256 1 7 0
0 212 1 98 0
0 100 1 238 0
0 51 1 213 0
0 256 1 212 0
0 51 1 100 0
0 51 1 256 0
0 61 1 228 0
0 11 1 68 0
0 331 1 276 0
0 360 1 13 0
0 50 1 96 0
0 334 1 161 0
0 239 1 196 0
0 226 1 122 0
0 241 1 168 0
0 328 1 118 0
0 390 1 107 0
0 157 1 113 0
0 223 1 385 0
0 288 1 42 0
0 412 1 237 0
0 242 1 269 0
0 238 1 61 0
0 125 1 11 0
0 331 1 270 0
0 76 1 360 0
0 396 1 50 0
0 334 1 83 0
0 239 1 181 0
0 144 1 226 0
0 222 1 241 0
0 328 1 64 0
0 203 1 390 0
0 157 1 306 0
0 273 1 223 0
0 288 1 5 0
0 412 1 313 0
0 242 1 131 0
0 238 1 125 0
0 76 1 331 0
0 396 1 334 0
0 144 1 239 0
0 328 1 222 0
0 203 1 157 0
0 288 1 273 0
0 412 1 242 0
0 238 1 76 0
0 144 1 396 0
0 328 1 203 0
0 412 1 288 0
0 144 1 238 0
0 412 1 328 0
0 412 1 144 0
0 34 1 292 0
0 169 1 68 0
0 207 1 355 0
0 132 1 83 0
0 305 1 242 0
0 270 1 126 0
0 161 1 319 0
0 274 1 396 0
0 359 1 237 0
0 144 1 40 0
0 223 1 58 0
0 344 1 88 0
0 36 1 234 0
0 390 1 64 0
0 43 1 181 0
0 31 1 288 0
0 98 1 129 0
0 300 1 331 0
0 49 1 265 0
0 379 1 264 0
0 415 1 376 0
0 334 1 369 0
0 412 1 158 0
0 372 1 296 0
0 10 1 182 0
0 203 1 125 0
0 210 1 104 0
0 173 1 289 0
0 213 1 338 0
0 5 1 248 0
0 236 1 114 0
0 7 1 233 0
0 100 1 206 0
0 155 1 260 0
0 313 1 328 0
0 227 1 94 0
0 276 1 306 0
0 157 1 80 0
0 47 1 108 0
0 212 1 275 0
0 298 1 193 0
0 239 1 82 0
0 39 1 149 0
0 145 1 194 0
0 72 1 273 0
0 378 1 258 0
0 283 1 286 0
0 33 1 93 0
0 51 1 269 0
0 241 1 29 0
0 122 1 50 0
0 35 1 96 0
0 374 1 318 0
0 13 1 309 0
0 107 1 30 0
0 238 1 385 0
0 52 1 138 0
0 118 1 330 0
0 77 1 121 0
0 76 1 168 0
0 402 1 131 0
0 228 1 295 0
0 113 1 2 0
0 256 1 409 0
0 34 1 169 0
0 132 1 207 0
0 270 1 305 0
0 161 1 274 0
0 359 1 144 0
0 223 1 344 0
0 36 1 390 0
0 31 1 43 0
0 98 1 300 0
0 379 1 49 0
0 415 1 334 0
0 412 1 372 0
0 10 1 203 0
0 173 1 210 0
0 213 1 5 0
0 7 1 236 0
0 100 1 155 0
0 313 1 227 0
0 157 1 276 0
0 212 1 47 0
0 298 1 239 0
0 145 1 39 0
0 378 1 72 0
0 33 1 283 0
0 51 1 241 0
0 35 1 122 0
0 374 1 13 0
0 107 1 238 0
0 118 1 52 0
0 77 1 76 0
0 402 1 228 0
0 256 1 113 0
0 34 1 132 0
0 270 1 161 0
0 359 1 223 0
0 31 1 36 0
0 98 1 379 0
0 415 1 412 0
0 10 1 173 0
0 213 1 7 0
0 100 1 313 0
0 212 1 157 0
0 145 1 298 0
0 378 1 33 0
0 51 1 35 0
0 107 1 374 0
0 118 1 77 0
0 256 1 402 0
0 34 1 270 0
0 359 1 31 0
0 98 1 415 0
0 10 1 213 0
0 100 1 212 0
0 145 1 378 0
0 51 1 107 0
0 118 1 256 0
0 34 1 359 0
0 98 1 10 0
0 145 1 100 0
0 51 1 118 0
0 98 1 34 0
0 51 1 145 0
0 51 1 98 0
0 189 1 326 0
0 117 1 230 0
0 189 1 117 0
0 326 1 230 0
0 298 1 73 0
0 161 1 112 0
0 11 1 1 0
0 359 1 104 0
0 2 1 313 0
0 359 1 313 0
0 213 1 97 0
0 36 1 47 0
0 213 1 216 0
0 162 1 40 0
0 37 1 210 0
0 210 1 225 0
0 356 1 349 0
0 14 1 291 0
0 349 1 291 0
0 14 1 356 0
0 328 1 151 0
0 409 1 237 0
0 20 1 209 0
0 122 1 395 0
0 173 1 135 0
0 388 1 154 0
0 140 1 266 0
0 284 1 74 0
0 284 1 140 0
0 74 1 232 0
0 415 1 144 0
0 100 1 227 0
0 64 1 100 0
0 415 1 227 0
0 113 1 238 0
0 374 1 88 0
0 83 1 35 0
0 30 1 283 0
0 206 1 200 0
0 155 1 6 0
0 155 1 206 0
0 200 1 6 0
0 307 1 400 0
0 106 1 32 0
0 400 1 106 0
0 307 1 32 0
0 23 1 362 0
0 263 1 407 0
0 23 1 224 0
0 168 1 194 0
0 131 1 228 0
0 269 1 94 0
0 290 1 87 0
0 5 1 349 0
0 273 1 286 0
0 318 1 58 0
0 113 1 110 0
0 46 1 239 0
0 270 1 53 0
0 236 1 312 0
0 125 1 9 0
0 168 1 372 0
0 131 1 269 0
0 35 1 290 0
0 5 1 273 0
0 318 1 113 0
0 46 1 373 0
0 270 1 236 0
0 145 1 125 0
0 131 1 168 0
0 5 1 35 0
0 46 1 318 0
0 145 1 270 0
0 5 1 131 0
0 46 1 145 0
0 5 1 46 0
0 124 1 158 0
0 331 1 360 0
0 36 1 21 0
0 7 1 126 0
0 161 1 111 0
0 289 1 71 0
0 88 1 12 0
0 309 1 237 0
0 68 1 82 0
0 412 1 107 0
0 77 1 40 0
0 157 1 181 0
0 124 1 52 0
0 36 1 331 0
0 7 1 132 0
0 289 1 161 0
0 88 1 309 0
0 306 1 68 0
0 412 1 77 0
0 359 1 157 0
0 124 1 36 0
0 7 1 289 0
0 88 1 306 0
0 359 1 412 0
0 124 1 7 0
0 359 1 88 0
0 359 1 124 0
0 234 1 251 0
0 312 1 182 0
0 248 1 39 0
0 385 1 13 0
0 169 1 131 0
0 107 1 80 0
0 77 1 241 0
0 223 1 321 0
0 64 1 161 0
0 72 1 158 0
0 331 1 135 0
0 82 1 58 0
0 234 1 76 0
0 312 1 248 0
0 385 1 94 0
0 107 1 169 0
0 223 1 77 0
0 64 1 270 0
0 72 1 331 0
0 52 1 82 0
0 312 1 234 0
0 107 1 385 0
0 223 1 64 0
0 52 1 72 0
0 312 1 107 0
0 52 1 223 0
0 312 1 52 0
0 228 1 173 0
0 29 1 360 0
0 83 1 390 0
0 395 1 349 0
0 108 1 68 0
0 313 1 96 0
0 36 1 111 0
0 409 1 300 0
0 210 1 249 0
0 379 1 119 0
0 328 1 89 0
0 49 1 70 0
0 228 1 372 0
0 83 1 29 0
0 289 1 395 0
0 313 1 108 0
0 409 1 36 0
0 210 1 415 0
0 379 1 328 0
0 49 1 212 0
0 228 1 83 0
0 313 1 289 0
0 409 1 210 0
0 379 1 49 0
0 228 1 313 0
0 409 1 379 0
0 409 1 228 0
0 33 1 88 0
0 385 1 251 0
0 379 1 39 0
0 270 1 305 0
0 233 1 241 0
0 173 1 169 0
0 331 1 50 0
0 396 1 125 0
0 306 1 13 0
0 269 1 390 0
0 181 1 107 0
0 52 1 131 0
0 264 1 415 0
0 273 1 58 0
0 132 1 64 0
0 98 1 83 0
0 385 1 33 0
0 270 1 379 0
0 173 1 233 0
0 396 1 331 0
0 269 1 306 0
0 52 1 181 0
0 273 1 264 0
0 98 1 132 0
0 270 1 385 0
0 396 1 173 0
0 52 1 269 0
0 98 1 273 0
0 270 1 396 0
0 98 1 52 0
0 270 1 98 0
0 31 1 72 0
0 227 1 194 0
0 402 1 409 0
0 35 1 300 0
0 145 1 96 0
0 113 1 203 0
0 313 1 5 0
0 372 1 328 0
0 213 1 94 0
0 20 1 47 0
0 124 1 144 0
0 412 1 298 0
0 36 1 76 0
0 7 1 223 0
0 43 1 289 0
0 157 1 100 0
0 31 1 227 0
0 35 1 402 0
0 145 1 113 0
0 372 1 313 0
0 213 1 20 0
0 412 1 124 0
0 36 1 7 0
0 157 1 43 0
0 35 1 31 0
0 145 1 372 0
0 412 1 213 0
0 36 1 157 0
0 145 1 35 0
0 412 1 36 0
0 412 1 145 0
0 43 1 194 0
0 76 1 155 0
0 306 1 5 0
0 372 1 39 0
0 132 1 144 0
0 77 1 83 0
0 270 1 36 0
0 313 1 169 0
0 113 1 238 0
0 396 1 273 0
0 390 1 94 0
0 203 1 58 0
0 72 1 227 0
0 269 1 289 0
0 125 1 305 0
0 415 1 7 0
0 182 1 402 0
0 35 1 50 0
0 251 1 41 0
0 223 1 47 0
0 64 1 298 0
0 108 1 213 0
0 88 1 181 0
0 412 1 174 0
0 51 1 43 0
0 306 1 76 0
0 372 1 132 0
0 31 1 77 0
0 33 1 270 0
0 313 1 113 0
0 396 1 390 0
0 203 1 100 0
0 72 1 359 0
0 125 1 269 0
0 415 1 182 0
0 98 1 35 0
0 145 1 251 0
0 64 1 223 0
0 88 1 108 0
0 256 1 412 0
0 51 1 306 0
0 31 1 372 0
0 33 1 313 0
0 396 1 203 0
0 72 1 125 0
0 415 1 98 0
0 145 1 64 0
0 256 1 88 0
0 51 1 31 0
0 33 1 396 0
0 415 1 72 0
0 256 1 145 0
0 51 1 33 0
0 415 1 256 0
0 51 1 415 0
0 210 1 30 0
0 108 1 203 0
0 5 1 25 0
0 169 1 50 0
0 9 1 161 0
0 39 1 82 0
0 264 1 227 0
0 157 1 290 0
0 349 1 239 0
0 111 1 47 0
0 320 1 295 0
0 83 1 183 0
0 298 1 210 0
0 5 1 108 0
0 169 1 213 0
0 39 1 9 0
0 157 1 264 0
0 35 1 349 0
0 111 1 320 0
0 396 1 83 0
0 298 1 5 0
0 39 1 169 0
0 35 1 157 0
0 396 1 111 0
0 39 1 298 0
0 396 1 35 0
0 396 1 39 0
0 173 1 325 0
0 126 1 122 0
0 168 1 40 0
0 14 1 331 0
0 237 1 385 0
0 402 1 181 0
0 390 1 124 0
0 228 1 277 0
0 158 1 77 0
0 317 1 289 0
0 113 1 58 0
0 94 1 387 0
0 412 1 173 0
0 168 1 126 0
0 132 1 14 0
0 237 1 402 0
0 390 1 228 0
0 273 1 158 0
0 317 1 113 0
0 94 1 306 0
0 412 1 168 0
0 132 1 237 0
0 390 1 273 0
0 94 1 317 0
0 132 1 412 0
0 94 1 390 0
0 132 1 94 0
0 68 1 328 0
0 300 1 360 0
0 76 1 223 0
0 118 1 404 0
0 378 1 313 0
0 379 1 72 0
0 36 1 93 0
0 95 1 235 0
0 75 1 194 0
0 241 1 374 0
0 351 1 87 0
0 182 1 206 0
0 52 1 68 0
0 76 1 300 0
0 372 1 118 0
0 378 1 379 0
0 95 1 36 0
0 305 1 75 0
0 241 1 351 0
0 10 1 182 0
0 52 1 76 0
0 372 1 378 0
0 95 1 305 0
0 10 1 241 0
0 372 1 52 0
0 95 1 10 0
0 372 1 95 0
0 33 1 47 0
0 404 1 72 0
0 173 1 94 0
0 88 1 107 0
0 100 1 36 0
0 206 1 288 0
0 223 1 122 0
0 284 1 306 0
0 412 1 194 0
0 390 1 328 0
0 125 1 203 0
0 372 1 43 0
0 95 1 305 0
0 5 1 50 0
0 157 1 118 0
0 256 1 273 0
0 33 1 404 0
0 88 1 173 0
0 206 1 100 0
0 223 1 284 0
0 412 1 390 0
0 372 1 125 0
0 5 1 95 0
0 256 1 157 0
0 33 1 88 0
0 206 1 223 0
0 412 1 372 0
0 256 1 5 0
0 206 1 33 0
0 256 1 412 0
0 256 1 206 0
0 31 1 270 0
0 245 1 213 0
0 374 1 378 0
0 415 1 83 0
0 10 1 210 0
0 39 1 144 0
0 379 1 228 0
0 396 1 298 0
0 52 1 289 0
0 269 1 234 0
0 181 1 300 0
0 77 1 233 0
0 145 1 227 0
0 132 1 2 0
0 64 1 9 0
0 359 1 82 0
0 31 1 245 0
0 415 1 374 0
0 39 1 10 0
0 379 1 396 0
0 269 1 52 0
0 77 1 181 0
0 145 1 132 0
0 359 1 64 0
0 31 1 415 0
0 379 1 39 0
0 77 1 269 0
0 145 1 359 0
0 31 1 379 0
0 145 1 77 0
0 31 1 145 0
0 107 1 306 0
0 289 1 125 0
0 88 1 144 0
0 378 1 47 0
0 213 1 9 0
0 269 1 113 0
0 94 1 236 0
0 270 1 118 0
0 77 1 228 0
0 132 1 273 0
0 264 1 313 0
0 227 1 283 0
0 5 1 374 0
0 412 1 238 0
0 35 1 36 0
0 379 1 43 0
0 51 1 107 0
0 289 1 372 0
0 233 1 88 0
0 100 1 378 0
0 256 1 213 0
0 52 1 269 0
0 145 1 94 0
0 31 1 270 0
0 10 1 77 0
0 132 1 72 0
0 298 1 264 0
0 33 1 227 0
0 359 1 5 0
0 415 1 412 0
0 305 1 35 0
0 385 1 379 0
0 51 1 289 0
0 100 1 233 0
0 256 1 52 0
0 145 1 31 0
0 132 1 10 0
0 33 1 298 0
0 359 1 415 0
0 305 1 385 0
0 51 1 100 0
0 256 1 145 0
0 132 1 33 0
0 359 1 305 0
0 51 1 256 0
0 132 1 359 0
0 132 1 51 0
0 181 1 253 0
0 223 1 253 0
0 181 1 223 0
0 313 1 253 0
0 313 1 181 0
0 313 1 223 0
0 155 1 239 0
0 239 1 227 0
0 227 1 155 0
0 372 1 239 0
0 372 1 155 0
0 372 1 227 0
0 313 1 239 0
0 372 1 181 0
0 372 1 313 0
0 181 1 239 0
0 359 1 145 0
0 31 1 145 0
0 31 1 359 0
0 145 1 256 0
0 256 1 359 0
0 256 1 31 0
0 100 1 10 0
0 33 1 10 0
0 33 1 100 0
0 51 1 10 0
0 51 1 100 0
0 51 1 33 0
0 33 1 256 0
0 51 1 31 0
0 33 1 51 0
0 415 1 43 0
0 100 1 9 0
0 100 1 374 0
