2.458e-14
3.062e-14
3.086e-14
3.238e-14
3.604e-14
3.92e-14
4.17e-14
4.502e-14
4.692e-14
4.974e-14
5.318e-14
5.484e-14
6.304e-14
6.014e-14
6.3e-14
6.552e-14
6.752e-14
7.014e-14
7.956e-14
7.496e-14
8.414e-14
8.392e-14
8.614e-14
9.038e-14
8.818e-14
9.782e-14
9.488e-14
9.998e-14
1.0442e-13
1.0742e-13
1.116e-13
1.136e-13
1.2066e-13
1.2292e-13
1.2488e-13
1.2694e-13
1.2918e-13
1.3094e-13
1.3672e-13
1.379e-13
1.4486e-13
1.4658e-13
1.4364e-13
1.5456e-13
1.5242e-13
1.5426e-13
1.5626e-13
1.5904e-13
1.6344e-13
1.6368e-13
1.6124e-13
1.6648e-13
1.7028e-13
1.7332e-13
1.8166e-13
1.8368e-13
1.8178e-13
1.8562e-13
1.8804e-13
1.9312e-13
1.9154e-13
2.003e-13
1.993e-13
2.083e-13
2.0792e-13
2.116e-13
2.1226e-13
2.2224e-13
2.2448e-13
2.278e-13
2.2834e-13
2.3436e-13
2.3558e-13
2.3724e-13
2.4212e-13
2.5454e-13
2.495e-13
2.531e-13
2.6276e-13
2.6234e-13
2.7112e-13
2.6816e-13
2.7404e-13
2.7652e-13
2.7912e-13
2.858e-13
2.8682e-13
2.8826e-13
2.9266e-13
2.9334e-13
