3.306e-14
3.022e-14
3.26e-14
3.534e-14
4.066e-14
4.162e-14
4.61e-14
5.154e-14
5.242e-14
5.964e-14
6.184e-14
6.576e-14
6.66e-14
7.642e-14
7.13e-14
7.512e-14
8.048e-14
8.174e-14
8.564e-14
8.68e-14
9.166e-14
9.394e-14
9.714e-14
1.0526e-13
1.0402e-13
1.0998e-13
1.1418e-13
1.206e-13
1.2812e-13
1.3164e-13
1.2956e-13
1.3408e-13
1.424e-13
1.4528e-13
1.4236e-13
1.4802e-13
1.5018e-13
1.5826e-13
1.5486e-13
1.586e-13
1.6858e-13
1.682e-13
1.6594e-13
1.678e-13
1.7442e-13
1.7592e-13
1.764e-13
1.849e-13
1.8628e-13
1.94e-13
1.9706e-13
1.9284e-13
1.9814e-13
2.0024e-13
2.067e-13
2.1296e-13
2.1714e-13
2.173e-13
2.204e-13
2.3062e-13
2.3092e-13
2.4048e-13
2.4306e-13
2.3892e-13
2.5028e-13
2.5654e-13
2.6264e-13
2.6674e-13
2.7054e-13
2.79e-13
2.7824e-13
2.7978e-13
2.8354e-13
2.8724e-13
3.012e-13
2.935e-13
2.9916e-13
2.9722e-13
3.1172e-13
3.1248e-13
3.1358e-13
3.0942e-13
3.1384e-13
3.1426e-13
3.1712e-13
3.2142e-13
3.2658e-13
3.234e-13
3.3132e-13
3.2464e-13
