2.872e-14
2.886e-14
3.012e-14
3.402e-14
3.822e-14
3.892e-14
4.14e-14
4.776e-14
4.902e-14
5.418e-14
5.614e-14
5.858e-14
6.518e-14
6.72e-14
6.778e-14
7.446e-14
7.642e-14
7.632e-14
8.15e-14
8.31e-14
7.962e-14
8.922e-14
8.822e-14
9.664e-14
9.778e-14
1.008e-13
1.0872e-13
1.0586e-13
1.1202e-13
1.1698e-13
1.241e-13
1.3028e-13
1.2722e-13
1.3346e-13
1.413e-13
1.3764e-13
1.3756e-13
1.4654e-13
1.4632e-13
1.4942e-13
1.5222e-13
1.5446e-13
1.5828e-13
1.588e-13
1.6318e-13
1.6674e-13
1.6658e-13
1.6896e-13
1.75e-13
1.7828e-13
1.839e-13
1.8574e-13
1.841e-13
1.9294e-13
1.9206e-13
1.8934e-13
1.9702e-13
2.0328e-13
2.0692e-13
2.0966e-13
2.109e-13
2.1832e-13
2.2104e-13
2.2278e-13
2.3114e-13
2.2646e-13
2.3588e-13
2.391e-13
2.404e-13
2.4624e-13
2.532e-13
2.5628e-13
2.6308e-13
2.6436e-13
2.7448e-13
2.7552e-13
2.7724e-13
2.848e-13
2.8572e-13
2.9242e-13
2.9306e-13
2.88e-13
2.9718e-13
3.0586e-13
3.0908e-13
3.0672e-13
3.1762e-13
3.107e-13
3.1156e-13
3.2718e-13
