2.066e-14
2.272e-14
2.702e-14
2.778e-14
2.95e-14
3.44e-14
3.564e-14
3.78e-14
4.288e-14
3.966e-14
4.51e-14
4.522e-14
4.614e-14
5.218e-14
5.612e-14
5.692e-14
5.914e-14
6.48e-14
6.65e-14
6.692e-14
6.898e-14
7.14e-14
7.398e-14
7.592e-14
7.948e-14
8.132e-14
8.072e-14
8.454e-14
8.468e-14
8.752e-14
9.18e-14
9.422e-14
9.586e-14
1.0074e-13
1.0066e-13
1.0418e-13
1.0734e-13
1.1322e-13
1.1218e-13
1.1778e-13
1.1978e-13
1.2454e-13
1.2872e-13
1.1962e-13
1.302e-13
1.3546e-13
1.3324e-13
1.4052e-13
1.4626e-13
1.4366e-13
1.4976e-13
1.4682e-13
1.477e-13
1.523e-13
1.5906e-13
1.5812e-13
1.5308e-13
1.6084e-13
1.5952e-13
1.6808e-13
1.6738e-13
1.6718e-13
1.6922e-13
1.7066e-13
1.7724e-13
1.7634e-13
1.7828e-13
1.7848e-13
1.8224e-13
1.824e-13
1.8378e-13
1.973e-13
1.9634e-13
1.9366e-13
2.0198e-13
2.0312e-13
2.0448e-13
2.0506e-13
2.0764e-13
2.1272e-13
2.1568e-13
2.1528e-13
2.2228e-13
2.2192e-13
2.2856e-13
2.2668e-13
2.316e-13
2.4218e-13
2.3014e-13
2.4374e-13
