8.64e-15
8.54e-15
8.18e-15
1.036e-14
9.9e-15
1.04e-14
1.256e-14
1.26e-14
1.284e-14
1.328e-14
1.38e-14
1.514e-14
1.586e-14
1.66e-14
1.64e-14
1.76e-14
1.904e-14
2.128e-14
2.022e-14
2.1e-14
2.268e-14
2.26e-14
2.48e-14
2.372e-14
2.39e-14
2.524e-14
2.56e-14
2.674e-14
2.744e-14
2.852e-14
2.876e-14
2.932e-14
3.024e-14
3.11e-14
3.06e-14
3.322e-14
3.368e-14
3.36e-14
3.49e-14
3.608e-14
3.568e-14
3.758e-14
3.78e-14
3.888e-14
3.96e-14
4.044e-14
4.066e-14
4.128e-14
3.996e-14
4.218e-14
4.408e-14
4.466e-14
4.44e-14
4.758e-14
4.898e-14
4.674e-14
4.976e-14
4.884e-14
5.058e-14
5.004e-14
5.026e-14
5.26e-14
5.27e-14
5.496e-14
5.534e-14
5.51e-14
5.622e-14
5.844e-14
5.668e-14
5.872e-14
6.116e-14
6.004e-14
5.956e-14
6.202e-14
6.122e-14
6.434e-14
6.466e-14
6.444e-14
6.512e-14
6.654e-14
6.592e-14
6.694e-14
6.672e-14
6.88e-14
6.798e-14
7.036e-14
7.134e-14
7.312e-14
6.986e-14
7.284e-14
