1.736e-14
1.66e-14
1.93e-14
2.342e-14
2.222e-14
2.25e-14
2.602e-14
2.696e-14
2.77e-14
3.04e-14
3.096e-14
3.322e-14
3.598e-14
3.63e-14
3.788e-14
4.062e-14
4.238e-14
4.436e-14
4.43e-14
4.696e-14
4.948e-14
4.992e-14
5.306e-14
5.396e-14
5.7e-14
5.908e-14
6.042e-14
6.19e-14
6.476e-14
6.41e-14
6.922e-14
6.908e-14
7.104e-14
7.212e-14
7.106e-14
7.656e-14
7.642e-14
7.854e-14
7.836e-14
7.998e-14
8.042e-14
8.546e-14
8.496e-14
8.93e-14
8.47e-14
8.92e-14
8.948e-14
9.546e-14
9.684e-14
9.606e-14
9.848e-14
1.043e-13
1.0486e-13
1.0378e-13
1.0914e-13
1.0846e-13
1.0728e-13
1.134e-13
1.1656e-13
1.1398e-13
1.192e-13
1.1922e-13
1.197e-13
1.2656e-13
1.2734e-13
1.2774e-13
1.283e-13
1.3438e-13
1.393e-13
1.351e-13
1.384e-13
1.3814e-13
1.4118e-13
1.4638e-13
1.4686e-13
1.4278e-13
1.4994e-13
1.549e-13
1.5354e-13
1.5008e-13
1.567e-13
1.5712e-13
1.5964e-13
1.584e-13
1.5522e-13
1.5964e-13
1.639e-13
1.6342e-13
1.6606e-13
1.654e-13
