3.602e-14
3.746e-14
4.102e-14
4.638e-14
5.202e-14
5.728e-14
5.962e-14
6.348e-14
6.562e-14
6.786e-14
7.274e-14
6.918e-14
7.888e-14
7.894e-14
8.474e-14
9.344e-14
9.584e-14
1.0174e-13
1.0736e-13
1.1616e-13
1.1336e-13
1.1472e-13
1.2286e-13
1.2236e-13
1.3136e-13
1.4262e-13
1.4084e-13
1.4906e-13
1.4752e-13
1.4982e-13
1.5698e-13
1.5798e-13
1.5666e-13
1.6246e-13
1.6066e-13
1.7406e-13
1.6762e-13
1.7072e-13
1.8604e-13
1.9652e-13
1.9662e-13
1.9572e-13
2.0054e-13
2.0398e-13
2.2018e-13
2.1084e-13
2.1684e-13
2.2192e-13
2.2666e-13
2.366e-13
2.3914e-13
2.4556e-13
2.5484e-13
2.4802e-13
2.5952e-13
2.6166e-13
2.638e-13
2.812e-13
2.9152e-13
2.9388e-13
3.0076e-13
3.0802e-13
2.9606e-13
3.028e-13
3.0722e-13
3.0366e-13
3.1368e-13
3.1762e-13
3.1994e-13
3.1646e-13
3.18e-13
3.275e-13
3.2004e-13
3.2544e-13
3.3318e-13
3.3874e-13
3.363e-13
3.5266e-13
3.4726e-13
3.4948e-13
3.515e-13
3.66e-13
3.6198e-13
3.8052e-13
3.7676e-13
3.8188e-13
3.7864e-13
3.8862e-13
4.0038e-13
3.8804e-13
