3.628e-14
3.984e-14
4.334e-14
4.67e-14
5.024e-14
5.472e-14
6.348e-14
6.3e-14
7.092e-14
7.026e-14
7.654e-14
8.028e-14
8.082e-14
8.314e-14
9.404e-14
1.0048e-13
9.886e-14
1.029e-13
1.171e-13
1.2054e-13
1.238e-13
1.2504e-13
1.3714e-13
1.3922e-13
1.4698e-13
1.4796e-13
1.476e-13
1.551e-13
1.5664e-13
1.56e-13
1.6026e-13
1.662e-13
1.6456e-13
1.719e-13
1.7364e-13
1.8284e-13
1.8412e-13
1.8884e-13
1.9204e-13
1.977e-13
2.0858e-13
2.0782e-13
2.1922e-13
2.1852e-13
2.229e-13
2.3154e-13
2.3648e-13
2.4078e-13
2.4652e-13
2.5212e-13
2.5792e-13
2.6522e-13
2.6576e-13
2.6878e-13
2.7744e-13
2.8224e-13
2.9688e-13
2.9398e-13
3.0034e-13
3.0858e-13
3.1432e-13
3.1568e-13
3.106e-13
3.1148e-13
3.145e-13
3.1356e-13
3.1586e-13
3.287e-13
3.2404e-13
3.2112e-13
3.3626e-13
3.3288e-13
3.4362e-13
3.4022e-13
3.4968e-13
3.5936e-13
3.6214e-13
3.6758e-13
3.7292e-13
3.804e-13
3.7816e-13
3.876e-13
3.928e-13
3.9514e-13
3.9482e-13
4.0668e-13
4.1944e-13
4.0258e-13
4.1716e-13
4.221e-13
