3.604e-14
4.112e-14
4.43e-14
4.934e-14
5.696e-14
6.012e-14
6.568e-14
6.758e-14
6.682e-14
7.372e-14
8.184e-14
8.272e-14
8.566e-14
8.736e-14
9.248e-14
9.778e-14
1.1372e-13
1.1486e-13
1.1754e-13
1.2534e-13
1.3228e-13
1.3788e-13
1.4192e-13
1.4128e-13
1.4294e-13
1.4858e-13
1.5128e-13
1.5476e-13
1.6046e-13
1.644e-13
1.6526e-13
1.763e-13
1.754e-13
1.7452e-13
1.8394e-13
1.8814e-13
1.9186e-13
1.9796e-13
2.113e-13
2.0668e-13
2.138e-13
2.1892e-13
2.207e-13
2.3396e-13
2.3938e-13
2.384e-13
2.5156e-13
2.6166e-13
2.6552e-13
2.7304e-13
2.7834e-13
2.8254e-13
2.9456e-13
2.904e-13
3.0404e-13
3.113e-13
3.2022e-13
3.1024e-13
3.0822e-13
3.0768e-13
3.0794e-13
3.1368e-13
3.178e-13
3.1744e-13
3.2442e-13
3.349e-13
3.3734e-13
3.4206e-13
3.4938e-13
3.4748e-13
3.5154e-13
3.5422e-13
3.7066e-13
3.6116e-13
3.6974e-13
3.7418e-13
3.7412e-13
3.8846e-13
3.9238e-13
3.9286e-13
3.97e-13
4.1234e-13
4.0538e-13
4.2404e-13
4.3204e-13
4.246e-13
4.3156e-13
4.3398e-13
4.4484e-13
4.431e-13
