3.35e-14
3.488e-14
3.752e-14
4.114e-14
4.678e-14
5.15e-14
5.394e-14
5.59e-14
6.394e-14
6.93e-14
6.49e-14
7.276e-14
7.41e-14
7.556e-14
8.246e-14
8.634e-14
8.888e-14
9.194e-14
1.01e-13
1.0234e-13
1.0578e-13
1.1006e-13
1.1306e-13
1.1768e-13
1.2472e-13
1.3246e-13
1.3598e-13
1.3748e-13
1.486e-13
1.4852e-13
1.4392e-13
1.504e-13
1.5106e-13
1.5682e-13
1.642e-13
1.6376e-13
1.6308e-13
1.6814e-13
1.6702e-13
1.7596e-13
1.8122e-13
1.8808e-13
1.9626e-13
1.9354e-13
1.9804e-13
2.0404e-13
2.0324e-13
2.1168e-13
2.1686e-13
2.2384e-13
2.2466e-13
2.2778e-13
2.2776e-13
2.3608e-13
2.4062e-13
2.497e-13
2.5908e-13
2.5526e-13
2.6336e-13
2.6508e-13
2.7378e-13
2.7582e-13
2.8288e-13
3.0428e-13
3.0566e-13
3.0074e-13
3.069e-13
3.0344e-13
3.112e-13
3.1216e-13
3.1256e-13
3.1856e-13
3.2114e-13
3.1546e-13
3.11e-13
3.1524e-13
3.3064e-13
3.2162e-13
3.3592e-13
3.2946e-13
3.4114e-13
3.3426e-13
3.5014e-13
3.4954e-13
3.513e-13
3.501e-13
3.5764e-13
3.613e-13
3.7e-13
3.7662e-13
