1.828e-14
2.05e-14
2.002e-14
2.344e-14
2.476e-14
2.65e-14
2.856e-14
2.994e-14
3.488e-14
3.504e-14
3.572e-14
3.52e-14
3.824e-14
3.872e-14
4.36e-14
4.6e-14
5.03e-14
4.92e-14
5.194e-14
5.408e-14
5.644e-14
5.718e-14
6.048e-14
6.458e-14
6.558e-14
6.602e-14
6.916e-14
7.154e-14
7.152e-14
7.156e-14
7.178e-14
7.432e-14
8.282e-14
7.922e-14
8.032e-14
8.594e-14
8.696e-14
8.738e-14
8.712e-14
8.804e-14
9.204e-14
9.154e-14
9.708e-14
9.922e-14
1.0424e-13
9.984e-14
1.067e-13
1.0764e-13
1.1118e-13
1.1112e-13
1.1882e-13
1.179e-13
1.1832e-13
1.1898e-13
1.2616e-13
1.256e-13
1.2812e-13
1.3038e-13
1.3234e-13
1.3254e-13
1.3476e-13
1.3642e-13
1.4132e-13
1.4662e-13
1.4408e-13
1.4978e-13
1.474e-13
1.4866e-13
1.529e-13
1.53e-13
1.5876e-13
1.5662e-13
1.5634e-13
1.5944e-13
1.632e-13
1.6706e-13
1.6092e-13
1.6872e-13
1.6544e-13
1.704e-13
1.7454e-13
1.7432e-13
1.7424e-13
1.801e-13
1.78e-13
1.8132e-13
1.8354e-13
1.8712e-13
1.8594e-13
1.8966e-13
