3.34e-14
4.506e-14
4.704e-14
5.3e-14
5.138e-14
6.74e-14
6.876e-14
6.75e-14
7.594e-14
8.244e-14
8.508e-14
8.614e-14
9.014e-14
9.872e-14
1.0198e-13
1.0898e-13
1.1636e-13
1.135e-13
1.2872e-13
1.3304e-13
1.477e-13
1.4792e-13
1.389e-13
1.3946e-13
1.474e-13
1.427e-13
1.5532e-13
1.6392e-13
1.5888e-13
1.6472e-13
1.7848e-13
1.7486e-13
1.827e-13
1.8312e-13
1.9116e-13
2.0262e-13
2.0692e-13
2.059e-13
2.2102e-13
2.172e-13
2.1914e-13
2.4184e-13
2.332e-13
2.476e-13
2.379e-13
2.617e-13
2.7458e-13
2.8376e-13
2.761e-13
2.8338e-13
2.9858e-13
3.0658e-13
2.9126e-13
3.2588e-13
2.9882e-13
3.0318e-13
2.92e-13
3.0062e-13
3.0962e-13
3.0626e-13
3.1694e-13
3.3048e-13
3.1786e-13
3.2604e-13
3.2688e-13
3.3152e-13
3.383e-13
3.528e-13
3.6182e-13
3.6216e-13
3.7462e-13
3.6702e-13
3.8662e-13
3.7644e-13
3.8718e-13
3.9682e-13
3.9586e-13
4.1686e-13
4.1822e-13
4.1524e-13
4.2508e-13
4.1758e-13
4.2832e-13
4.2634e-13
4.2508e-13
4.484e-13
4.4152e-13
4.576e-13
4.4636e-13
4.5858e-13
