6.76e-15
6e-15
6.8e-15
8.24e-15
8.76e-15
7.42e-15
8.52e-15
9.36e-15
1.004e-14
9.78e-15
1.036e-14
1.16e-14
1.134e-14
1.184e-14
1.25e-14
1.288e-14
1.322e-14
1.4e-14
1.45e-14
1.478e-14
1.552e-14
1.578e-14
1.476e-14
1.614e-14
1.632e-14
1.846e-14
1.754e-14
1.856e-14
1.886e-14
1.986e-14
2.012e-14
2.008e-14
2.056e-14
2.132e-14
2.126e-14
2.244e-14
2.3e-14
2.316e-14
2.448e-14
2.452e-14
2.502e-14
2.614e-14
2.544e-14
2.562e-14
2.642e-14
2.78e-14
2.846e-14
2.774e-14
2.936e-14
2.988e-14
3.004e-14
3.032e-14
3.1e-14
3.004e-14
3.106e-14
3.172e-14
3.248e-14
3.34e-14
3.32e-14
3.266e-14
3.368e-14
3.286e-14
3.562e-14
3.54e-14
3.528e-14
3.544e-14
3.722e-14
3.83e-14
3.78e-14
3.812e-14
4.012e-14
4.024e-14
3.946e-14
4.02e-14
4.078e-14
4.114e-14
4.14e-14
4.186e-14
4.314e-14
4.346e-14
4.324e-14
4.464e-14
4.55e-14
4.574e-14
4.722e-14
4.718e-14
4.646e-14
4.654e-14
4.782e-14
5.01e-14
