1.952e-14
2.374e-14
2.234e-14
3.034e-14
2.846e-14
3.018e-14
3.328e-14
3.498e-14
3.642e-14
3.62e-14
3.58e-14
3.958e-14
4.534e-14
4.762e-14
4.604e-14
5.116e-14
5.25e-14
5.628e-14
5.932e-14
6.22e-14
6.242e-14
6.436e-14
6.774e-14
7.13e-14
6.844e-14
7.326e-14
7.832e-14
7.532e-14
7.998e-14
8.522e-14
8.44e-14
8.418e-14
8.65e-14
8.886e-14
9.016e-14
9.28e-14
9.29e-14
9.686e-14
9.952e-14
1.007e-13
1.0386e-13
1.069e-13
1.1004e-13
1.146e-13
1.184e-13
1.2148e-13
1.2498e-13
1.2144e-13
1.2712e-13
1.266e-13
1.3212e-13
1.3002e-13
1.36e-13
1.41e-13
1.4062e-13
1.4418e-13
1.3902e-13
1.487e-13
1.498e-13
1.525e-13
1.5308e-13
1.533e-13
1.551e-13
1.5692e-13
1.5826e-13
1.6014e-13
1.5938e-13
1.6922e-13
1.6926e-13
1.6906e-13
1.6944e-13
1.7126e-13
1.7252e-13
1.7834e-13
1.7972e-13
1.809e-13
1.859e-13
1.8356e-13
1.8946e-13
1.8666e-13
1.9528e-13
1.9804e-13
1.9306e-13
2.0234e-13
2.049e-13
2.0358e-13
2.0548e-13
2.0626e-13
2.0872e-13
2.1446e-13
