2.844e-14
3.408e-14
3.69e-14
3.674e-14
4.302e-14
4.508e-14
5.08e-14
6.024e-14
5.666e-14
6.424e-14
6.53e-14
7.068e-14
7.044e-14
7.668e-14
7.63e-14
8.132e-14
8.246e-14
8.994e-14
9.14e-14
9.562e-14
9.72e-14
9.916e-14
1.065e-13
1.0934e-13
1.1328e-13
1.1918e-13
1.237e-13
1.2918e-13
1.368e-13
1.4124e-13
1.4136e-13
1.4612e-13
1.4274e-13
1.5452e-13
1.5328e-13
1.5872e-13
1.546e-13
1.6064e-13
1.656e-13
1.7104e-13
1.699e-13
1.7328e-13
1.828e-13
1.8022e-13
1.8642e-13
1.845e-13
1.9148e-13
1.923e-13
1.9748e-13
2.032e-13
2.0576e-13
2.0948e-13
2.2134e-13
2.2274e-13
2.266e-13
2.2926e-13
2.3342e-13
2.421e-13
2.3944e-13
2.4366e-13
2.5914e-13
2.5546e-13
2.601e-13
2.6018e-13
2.6798e-13
2.8092e-13
2.8052e-13
2.815e-13
2.97e-13
2.947e-13
3.0052e-13
3.0102e-13
3.059e-13
3.0962e-13
3.0988e-13
3.1104e-13
3.194e-13
3.1402e-13
3.1546e-13
3.1586e-13
3.2156e-13
3.2292e-13
3.333e-13
3.324e-13
3.2496e-13
3.3512e-13
3.3802e-13
3.412e-13
3.4714e-13
3.4702e-13
