1.124e-14
9.7e-15
1.214e-14
1.186e-14
1.474e-14
1.414e-14
1.568e-14
1.658e-14
1.706e-14
1.826e-14
1.94e-14
2.214e-14
2.066e-14
2.202e-14
2.33e-14
2.422e-14
2.536e-14
2.584e-14
2.76e-14
2.788e-14
2.918e-14
2.94e-14
3.046e-14
3.13e-14
3.29e-14
3.438e-14
3.44e-14
3.506e-14
3.66e-14
3.794e-14
3.566e-14
3.766e-14
3.838e-14
4.212e-14
4.296e-14
4.214e-14
4.442e-14
4.612e-14
4.556e-14
4.624e-14
4.89e-14
4.738e-14
4.996e-14
5.226e-14
5.266e-14
5.282e-14
5.446e-14
5.528e-14
5.67e-14
5.96e-14
5.76e-14
5.952e-14
5.912e-14
6.056e-14
6.17e-14
6.37e-14
6.32e-14
6.628e-14
6.548e-14
6.73e-14
6.902e-14
7.15e-14
6.966e-14
7.142e-14
7.288e-14
7.212e-14
7.622e-14
7.286e-14
7.474e-14
7.69e-14
7.908e-14
7.936e-14
7.738e-14
7.87e-14
8.322e-14
7.944e-14
8.46e-14
8.458e-14
8.374e-14
8.836e-14
8.844e-14
8.604e-14
8.926e-14
8.922e-14
8.928e-14
9.012e-14
9.208e-14
9.394e-14
9.494e-14
9.426e-14
