1.144e-14
1.142e-14
1.424e-14
1.558e-14
1.666e-14
1.75e-14
1.95e-14
1.992e-14
2.024e-14
2.26e-14
2.346e-14
2.58e-14
2.586e-14
2.628e-14
2.88e-14
2.828e-14
3.07e-14
3.062e-14
3.268e-14
3.266e-14
3.362e-14
3.69e-14
3.674e-14
3.746e-14
3.972e-14
3.938e-14
4.188e-14
4.28e-14
4.364e-14
4.468e-14
4.746e-14
4.88e-14
5.058e-14
5.12e-14
5.22e-14
5.494e-14
5.626e-14
5.58e-14
5.626e-14
5.886e-14
5.996e-14
6.184e-14
6.262e-14
6.374e-14
6.654e-14
6.568e-14
6.798e-14
6.858e-14
7.006e-14
7.172e-14
7.384e-14
7.396e-14
7.416e-14
7.754e-14
7.878e-14
8.058e-14
7.942e-14
8.124e-14
8.068e-14
8.164e-14
8.562e-14
8.168e-14
8.5e-14
8.794e-14
8.796e-14
8.912e-14
8.756e-14
9.15e-14
9.396e-14
9.386e-14
9.774e-14
9.52e-14
9.844e-14
1.004e-13
1.0072e-13
1.0284e-13
1.0528e-13
1.0636e-13
1.1004e-13
1.0752e-13
1.1038e-13
1.1164e-13
1.1348e-13
1.1416e-13
1.1574e-13
1.1658e-13
1.1872e-13
1.1864e-13
1.1806e-13
1.2248e-13
