2.22e-14
2.652e-14
3.068e-14
3.136e-14
3.146e-14
3.408e-14
3.862e-14
4.064e-14
4.408e-14
4.738e-14
4.746e-14
4.746e-14
5.356e-14
5.872e-14
5.76e-14
6.004e-14
6.328e-14
6.778e-14
6.994e-14
7.498e-14
7.536e-14
7.922e-14
8.276e-14
8.116e-14
8.372e-14
8.558e-14
9.12e-14
9.012e-14
9.676e-14
9.464e-14
1.0066e-13
1.0244e-13
1.0382e-13
1.1054e-13
1.1628e-13
1.149e-13
1.2016e-13
1.2326e-13
1.2734e-13
1.306e-13
1.3648e-13
1.3456e-13
1.3946e-13
1.391e-13
1.4214e-13
1.4536e-13
1.479e-13
1.552e-13
1.5344e-13
1.5036e-13
1.5644e-13
1.5946e-13
1.6032e-13
1.6246e-13
1.6642e-13
1.7188e-13
1.7066e-13
1.713e-13
1.7144e-13
1.7872e-13
1.8098e-13
1.8326e-13
1.8356e-13
1.877e-13
1.9418e-13
1.8776e-13
1.9992e-13
1.9988e-13
2.0636e-13
2.0212e-13
2.0708e-13
2.1628e-13
2.0764e-13
2.1944e-13
2.1826e-13
2.2136e-13
2.3104e-13
2.3244e-13
2.3362e-13
2.408e-13
2.311e-13
2.394e-13
2.4532e-13
2.495e-13
2.514e-13
2.5746e-13
2.59e-13
2.6432e-13
2.7302e-13
2.6878e-13
