4.24e-15
3.44e-15
4.34e-15
4.2e-15
5.62e-15
5.76e-15
5.7e-15
5.12e-15
5.8e-15
5.52e-15
6.78e-15
6.54e-15
6.86e-15
7.52e-15
7.66e-15
7.9e-15
7.8e-15
7.64e-15
7.42e-15
8.1e-15
8.24e-15
8.4e-15
8.96e-15
9.54e-15
9.82e-15
9.64e-15
1.01e-14
9.58e-15
1.006e-14
1.05e-14
1.022e-14
1.118e-14
1.192e-14
1.144e-14
1.168e-14
1.22e-14
1.168e-14
1.258e-14
1.322e-14
1.248e-14
1.284e-14
1.228e-14
1.296e-14
1.29e-14
1.336e-14
1.356e-14
1.464e-14
1.454e-14
1.518e-14
1.528e-14
1.574e-14
1.572e-14
1.574e-14
1.62e-14
1.638e-14
1.614e-14
1.58e-14
1.696e-14
1.742e-14
1.776e-14
1.744e-14
1.848e-14
1.846e-14
1.782e-14
1.906e-14
1.978e-14
1.978e-14
1.96e-14
2.026e-14
2.042e-14
2.072e-14
2.182e-14
2.044e-14
2.156e-14
2.156e-14
2.21e-14
2.246e-14
2.166e-14
2.236e-14
2.29e-14
2.352e-14
2.322e-14
2.426e-14
2.332e-14
2.412e-14
2.41e-14
2.462e-14
2.346e-14
2.462e-14
2.496e-14
