1.354e-14
1.63e-14
1.542e-14
1.644e-14
1.88e-14
2.124e-14
2.244e-14
2.308e-14
2.354e-14
2.53e-14
2.758e-14
2.95e-14
3.094e-14
3.448e-14
3.268e-14
3.442e-14
3.676e-14
3.722e-14
3.818e-14
4.156e-14
4.146e-14
4.218e-14
4.208e-14
4.736e-14
4.694e-14
4.98e-14
5.146e-14
5.192e-14
5.42e-14
5.772e-14
5.76e-14
5.912e-14
5.952e-14
6.178e-14
6.126e-14
6.282e-14
6.372e-14
6.716e-14
6.812e-14
6.764e-14
7.004e-14
7.076e-14
7.19e-14
7.654e-14
7.824e-14
7.806e-14
8.142e-14
8.386e-14
8.026e-14
8.528e-14
8.382e-14
8.46e-14
8.776e-14
8.74e-14
9.214e-14
8.904e-14
9.464e-14
9.692e-14
9.632e-14
9.72e-14
1.0032e-13
1.0034e-13
1.0432e-13
1.0128e-13
1.098e-13
1.0604e-13
1.1106e-13
1.108e-13
1.1264e-13
1.1318e-13
1.155e-13
1.1858e-13
1.1782e-13
1.2214e-13
1.2576e-13
1.3036e-13
1.286e-13
1.3262e-13
1.3396e-13
1.3298e-13
1.35e-13
1.3596e-13
1.3698e-13
1.4032e-13
1.3948e-13
1.4444e-13
1.4468e-13
1.4762e-13
1.432e-13
1.4938e-13
