20 380
0 13 1 4 0
0 17 0 10 1
0 14 0 18 1
0 11 0 2 1
0 9 1 12 0
0 20 0 5 1
0 19 0 15 1
0 6 1 16 0
0 7 1 3 0
0 1 0 8 1
0 16 0 19 1
0 18 0 6 1
0 4 1 17 0
0 15 1 11 0
0 20 1 3 0
0 12 1 13 0
0 5 0 7 1
0 2 1 1 0
0 8 0 14 1
0 10 0 9 1
0 16 0 10 1
0 11 0 5 1
0 2 0 20 1
0 7 1 4 0
0 1 1 3 0
0 19 0 17 1
0 14 1 9 0
0 15 1 13 0
0 8 0 18 1
0 6 0 12 1
0 13 1 16 0
0 17 1 6 0
0 9 0 8 1
0 4 0 14 1
0 10 1 15 0
0 20 0 19 1
0 12 0 7 1
0 18 1 11 0
0 5 0 1 1
0 3 1 2 0
0 16 1 17 0
0 11 0 20 1
0 2 0 4 1
0 15 0 18 1
0 1 1 12 0
0 8 0 5 1
0 19 0 10 1
0 6 0 3 1
0 14 0 13 1
0 7 1 9 0
0 18 0 2 1
0 9 1 16 0
0 4 0 15 1
0 10 1 11 0
0 20 0 7 1
0 12 0 14 1
0 5 0 19 1
0 3 0 8 1
0 17 1 1 0
0 13 1 6 0
0 16 0 4 1
0 14 0 10 1
0 2 0 8 1
0 7 1 11 0
0 12 1 20 0
0 6 0 19 1
0 3 1 5 0
0 13 1 17 0
0 9 0 18 1
0 1 0 15 1
0 18 0 3 1
0 11 1 14 0
0 15 0 7 1
0 10 1 12 0
0 5 1 2 0
0 8 1 16 0
0 19 1 13 0
0 17 0 9 1
0 20 0 1 1
0 4 0 6 1
0 3 0 17 1
0 14 1 19 0
0 2 1 7 0
0 10 1 18 0
0 1 1 11 0
0 20 1 6 0
0 12 0 16 1
0 5 0 4 1
0 9 0 13 1
0 8 1 15 0
0 13 1 5 0
0 16 0 14 1
0 11 0 3 1
0 15 1 2 0
0 7 1 8 0
0 19 0 12 1
0 6 0 10 1
0 17 0 20 1
0 4 1 9 0
0 18 1 1 0
0 2 1 6 0
0 1 0 16 1
0 20 0 18 1
0 12 0 4 1
0 5 0 17 1
0 3 0 15 1
0 14 1 7 0
0 9 1 19 0
0 10 1 13 0
0 8 1 11 0
0 13 1 8 0
0 16 1 2 0
0 18 1 5 0
0 11 0 9 1
0 4 0 10 1
0 15 1 20 0
0 7 1 1 0
0 6 0 14 1
0 19 1 3 0
0 17 0 12 1
0 3 0 4 1
0 11 1 12 0
0 15 0 14 1
0 7 1 17 0
0 1 0 19 1
0 5 0 16 1
0 8 0 6 1
0 18 0 13 1
0 2 0 10 1
0 20 1 9 0
0 17 0 11 1
0 4 1 8 0
0 19 0 7 1
0 6 0 1 1
0 13 1 2 0
0 16 0 18 1
0 14 1 5 0
0 9 1 3 0
0 10 1 20 0
0 12 0 15 1
0 13 0 7 1
0 17 0 15 1
0 14 1 1 0
0 9 1 2 0
0 4 1 18 0
0 12 1 5 0
0 19 0 8 1
0 6 0 11 1
0 16 0 20 1
0 10 1 3 0
0 18 1 19 0
0 11 0 16 1
0 2 1 17 0
0 1 0 4 1
0 5 1 6 0
0 8 1 12 0
0 3 1 14 0
0 15 0 9 1
0 7 0 10 1
0 20 0 13 1
0 18 1 12 0
0 11 1 19 0
0 2 0 14 1
0 15 0 6 1
0 7 1 16 0
0 1 0 9 1
0 20 0 4 1
0 5 0 10 1
0 8 1 17 0
0 3 0 13 1
0 13 1 1 0
0 17 0 18 1
0 14 1 20 0
0 4 0 11 1
0 10 1 8 0
0 12 0 3 1
0 19 0 2 1
0 16 0 15 1
0 6 0 7 1
0 9 1 5 0
0 13 0 15 1
0 17 1 19 0
0 18 0 8 1
0 9 0 14 1
0 4 0 7 1
0 10 1 16 0
0 20 0 2 1
0 12 1 6 0
0 5 0 11 1
0 3 0 1 1
0 16 0 3 1
0 14 1 17 0
0 2 0 12 1
0 15 1 5 0
0 7 0 18 1
0 8 1 20 0
0 19 1 4 0
0 6 0 9 1
0 1 0 10 1
0 11 0 13 1
0 16 1 9 0
0 14 1 12 0
0 2 0 18 1
0 15 1 4 0
0 7 0 20 1
0 1 0 17 1
0 19 0 5 1
0 11 0 10 1
0 6 0 13 1
0 17 0 16 1
0 18 0 15 1
0 9 0 7 1
0 4 1 2 0
0 12 0 1 1
0 10 1 19 0
0 20 0 11 1
0 5 0 8 1
0 3 1 6 0
0 13 0 14 1
0 8 0 3 1
0 14 0 4 1
0 11 1 18 0
0 2 0 3 1
0 1 0 5 1
0 8 1 9 0
0 19 0 20 1
0 6 1 17 0
0 16 1 13 0
0 15 1 10 0
0 7 1 12 0
0 13 1 11 0
0 17 0 14 1
0 18 0 7 1
0 9 0 6 1
0 4 1 19 0
0 10 1 1 0
0 12 1 2 0
0 3 0 16 1
0 20 0 8 1
0 5 1 15 0
0 2 0 15 1
0 5 1 13 0
0 3 0 11 1
0 14 0 16 1
0 9 1 4 0
0 10 1 6 0
0 1 0 18 1
0 20 0 17 1
0 12 0 19 1
0 8 1 7 0
0 13 1 9 0
0 16 1 12 0
0 17 1 3 0
0 18 0 10 1
0 4 0 5 1
0 7 1 2 0
0 6 0 20 1
0 11 0 1 1
0 15 0 8 1
0 19 1 14 0
0 9 1 11 0
0 10 1 4 0
0 12 0 17 1
0 5 1 18 0
0 8 1 13 0
0 3 1 19 0
0 2 1 16 0
0 1 1 7 0
0 20 0 15 1
0 14 1 6 0
0 16 0 1 1
0 17 1 5 0
0 18 0 20 1
0 4 0 12 1
0 15 1 3 0
0 19 1 9 0
0 6 0 2 1
0 11 0 8 1
0 7 1 14 0
0 13 0 10 1
0 18 1 9 0
0 4 0 16 1
0 15 1 1 0
0 20 0 12 1
0 5 1 3 0
0 8 1 2 0
0 19 1 6 0
0 17 1 13 0
0 10 1 14 0
0 11 0 7 1
0 14 1 11 0
0 9 1 17 0
0 2 0 5 1
0 7 1 15 0
0 1 1 20 0
0 6 0 4 1
0 3 0 18 1
0 13 1 19 0
0 16 0 8 1
0 12 0 10 1
0 16 1 6 0
0 2 0 11 1
0 15 1 19 0
0 12 0 9 1
0 17 0 4 1
0 11 0 15 1
0 9 0 10 1
0 7 1 5 0
0 1 1 2 0
0 19 0 16 1
0 6 0 18 1
0 3 1 20 0
0 13 1 12 0
0 14 0 8 1
0 16 0 11 1
0 17 0 2 1
0 9 0 15 1
0 4 0 1 1
0 10 0 7 1
0 12 0 8 1
0 19 0 18 1
0 6 0 5 1
0 13 1 20 0
0 14 0 3 1
0 18 1 4 0
0 11 1 17 0
0 2 1 19 0
0 15 1 16 0
0 20 0 14 1
0 5 0 9 1
0 8 0 10 1
0 7 0 6 1
0 1 1 13 0
0 3 0 12 1
0 17 0 8 1
0 16 0 7 1
0 18 0 14 1
0 4 0 20 1
0 19 0 11 1
0 6 0 15 1
0 13 1 3 0
0 10 1 5 0
0 12 0 18 1
0 9 1 1 0
0 18 0 17 1
0 11 1 4 0
0 2 0 9 1
0 15 0 12 1
0 1 0 6 1
0 20 1 16 0
0 5 0 14 1
0 7 1 13 0
0 3 0 10 1
0 8 1 19 0
0 17 1 7 0
0 16 1 5 0
0 9 0 20 1
0 4 0 3 1
0 12 0 11 1
0 19 1 1 0
0 6 1 8 0
0 13 1 18 0
0 14 1 15 0
0 10 0 2 1
0 5 0 20 1
0 14 0 2 1
0 4 1 13 0
0 10 1 17 0
0 8 1 1 0
0 3 0 7 1
0 18 0 16 1
0 11 1 6 0
0 2 0 13 1
0 15 1 17 0
0 7 1 19 0
0 1 1 14 0
0 20 0 10 1
0 5 0 12 1
0 8 1 4 0
0 3 1 9 0
