7.6e-16
9.8e-16
1.04e-15
1.02e-15
1.1e-15
1.14e-15
1.34e-15
1.54e-15
1.76e-15
2.12e-15
1.88e-15
2.04e-15
2.2e-15
2.36e-15
2.28e-15
2.42e-15
2.5e-15
2.82e-15
2.86e-15
3.14e-15
3.16e-15
3.12e-15
3.1e-15
3.68e-15
4.22e-15
4.46e-15
4.42e-15
4.64e-15
4.94e-15
5.1e-15
5.36e-15
5.4e-15
5.28e-15
5.8e-15
5.72e-15
5.8e-15
6e-15
6.12e-15
6e-15
6.62e-15
6.58e-15
6.56e-15
7.38e-15
6.76e-15
6.82e-15
6.84e-15
7.28e-15
7.76e-15
7.56e-15
8.08e-15
7.64e-15
7.84e-15
8.34e-15
7.82e-15
8.26e-15
8.74e-15
9.52e-15
1.01e-14
1.082e-14
1.112e-14
1.226e-14
1.208e-14
1.244e-14
1.238e-14
1.312e-14
1.31e-14
1.308e-14
1.318e-14
1.362e-14
1.474e-14
1.358e-14
1.366e-14
1.398e-14
1.464e-14
1.438e-14
1.488e-14
1.496e-14
1.496e-14
1.522e-14
1.51e-14
1.578e-14
1.586e-14
1.524e-14
1.604e-14
1.59e-14
1.672e-14
1.652e-14
1.722e-14
1.674e-14
1.678e-14
