1.8e-16
2.2e-16
3.2e-16
3.6e-16
6.2e-16
7.4e-16
7.6e-16
8.8e-16
9.4e-16
1e-15
9.6e-16
9.8e-16
1e-15
1e-15
1.04e-15
1.02e-15
1.02e-15
1.04e-15
1.12e-15
1.2e-15
1.28e-15
1.38e-15
1.62e-15
1.84e-15
1.7e-15
1.88e-15
1.98e-15
1.94e-15
2.08e-15
2.08e-15
2.18e-15
2.24e-15
2.36e-15
2.32e-15
2.46e-15
2.56e-15
2.54e-15
2.78e-15
2.78e-15
2.84e-15
2.92e-15
2.94e-15
2.88e-15
2.98e-15
3.02e-15
3.12e-15
3.1e-15
3.1e-15
3.38e-15
3.26e-15
3.66e-15
3.66e-15
3.74e-15
3.74e-15
3.96e-15
4.08e-15
4.22e-15
4.4e-15
4.38e-15
4.62e-15
4.78e-15
4.76e-15
4.94e-15
5.18e-15
5.32e-15
5.34e-15
5.44e-15
5.7e-15
5.76e-15
5.7e-15
5.84e-15
6.18e-15
6.2e-15
6.5e-15
6.2e-15
6.34e-15
6.42e-15
6.64e-15
6.52e-15
6.6e-15
6.96e-15
6.88e-15
7e-15
6.96e-15
6.94e-15
7.18e-15
7.2e-15
7.3e-15
7.26e-15
7.44e-15
