5.6e-16
8.4e-16
9e-16
9.6e-16
9.6e-16
1e-15
9.6e-16
1.02e-15
1.04e-15
1.22e-15
1.26e-15
1.38e-15
1.76e-15
1.64e-15
1.98e-15
1.88e-15
2.1e-15
2.14e-15
2.38e-15
2.32e-15
2.4e-15
2.48e-15
2.58e-15
2.64e-15
2.84e-15
2.8e-15
3.08e-15
2.96e-15
3.06e-15
3.26e-15
3.32e-15
3.6e-15
3.84e-15
4.12e-15
4.2e-15
4.46e-15
4.62e-15
4.86e-15
4.88e-15
5.16e-15
5.3e-15
5.22e-15
5.32e-15
5.54e-15
5.62e-15
5.7e-15
5.74e-15
5.98e-15
5.96e-15
5.86e-15
6.24e-15
6.26e-15
6.26e-15
6.52e-15
6.52e-15
6.6e-15
6.8e-15
6.88e-15
6.92e-15
7.2e-15
7.1e-15
7.24e-15
7.58e-15
7.54e-15
7.66e-15
7.8e-15
7.86e-15
8.1e-15
8.3e-15
8.64e-15
8.9e-15
9.04e-15
9.78e-15
9.7e-15
1.05e-14
1.042e-14
1.076e-14
1.166e-14
1.192e-14
1.22e-14
1.276e-14
1.29e-14
1.312e-14
1.356e-14
1.344e-14
1.364e-14
1.384e-14
1.4e-14
1.408e-14
1.426e-14
