4.6e-16
6.4e-16
9e-16
9.4e-16
9.8e-16
9.6e-16
9.6e-16
1.02e-15
1e-15
1.04e-15
1.12e-15
1.22e-15
1.42e-15
1.52e-15
1.82e-15
1.88e-15
1.92e-15
1.94e-15
2.18e-15
2.12e-15
2.2e-15
2.42e-15
2.42e-15
2.54e-15
2.52e-15
2.66e-15
2.8e-15
2.96e-15
2.98e-15
3e-15
3.14e-15
3.18e-15
3.42e-15
3.66e-15
3.72e-15
4e-15
4.12e-15
4.32e-15
4.66e-15
4.76e-15
5.1e-15
5.02e-15
5.2e-15
5.5e-15
5.48e-15
5.54e-15
5.54e-15
5.7e-15
5.6e-15
5.82e-15
6.14e-15
5.96e-15
6.06e-15
6.2e-15
6.2e-15
6.16e-15
6.5e-15
6.72e-15
6.58e-15
6.9e-15
6.8e-15
6.94e-15
7.06e-15
7.1e-15
7.42e-15
7.28e-15
7.52e-15
7.58e-15
7.64e-15
7.88e-15
8.02e-15
8.02e-15
8.08e-15
8.52e-15
8.52e-15
8.92e-15
9.22e-15
9.48e-15
9.76e-15
1.034e-14
1.04e-14
1.09e-14
1.148e-14
1.186e-14
1.194e-14
1.24e-14
1.254e-14
1.302e-14
1.318e-14
1.334e-14
