4e-17
1e-16
1.2e-16
2.4e-16
2.8e-16
6.2e-16
7.4e-16
7.6e-16
8.8e-16
9.2e-16
9.2e-16
1e-15
9.8e-16
1e-15
1e-15
1e-15
1e-15
1e-15
1.02e-15
1e-15
1.08e-15
1.04e-15
1.14e-15
1.24e-15
1.44e-15
1.58e-15
1.56e-15
1.78e-15
1.88e-15
1.94e-15
1.94e-15
2.02e-15
2.04e-15
2.1e-15
2.18e-15
2.22e-15
2.22e-15
2.48e-15
2.42e-15
2.52e-15
2.68e-15
2.64e-15
2.76e-15
2.7e-15
2.88e-15
2.96e-15
2.92e-15
2.94e-15
2.98e-15
3.12e-15
3.18e-15
3.14e-15
3.26e-15
3.16e-15
3.54e-15
3.38e-15
3.64e-15
3.68e-15
3.86e-15
3.96e-15
4.02e-15
3.94e-15
4.1e-15
4.28e-15
4.42e-15
4.44e-15
4.56e-15
4.68e-15
4.68e-15
4.84e-15
5.18e-15
5.06e-15
5.5e-15
5.5e-15
5.64e-15
5.66e-15
5.74e-15
6.02e-15
5.96e-15
6.26e-15
6.36e-15
6.32e-15
6.56e-15
6.54e-15
6.72e-15
6.76e-15
6.66e-15
6.78e-15
6.86e-15
6.98e-15
