0.0
0.0
0.0
0.0
2e-17
2e-17
4e-17
6e-17
1e-16
1.8e-16
3e-16
5.8e-16
5.8e-16
7.6e-16
7.4e-16
8.2e-16
9e-16
9.4e-16
9.8e-16
9.8e-16
9.8e-16
1e-15
1e-15
1e-15
1e-15
1e-15
1e-15
1e-15
1e-15
1.02e-15
1e-15
1.08e-15
1.06e-15
1.08e-15
1.22e-15
1.26e-15
1.3e-15
1.28e-15
1.38e-15
1.52e-15
1.64e-15
1.74e-15
1.82e-15
1.78e-15
1.84e-15
1.94e-15
1.98e-15
1.98e-15
2.04e-15
2.02e-15
2.04e-15
2.06e-15
2.16e-15
2.24e-15
2.38e-15
2.26e-15
2.36e-15
2.48e-15
2.58e-15
2.6e-15
2.74e-15
2.8e-15
2.9e-15
2.78e-15
2.92e-15
2.94e-15
2.94e-15
2.96e-15
3.02e-15
3.14e-15
3.1e-15
3.08e-15
3.18e-15
3.3e-15
3.26e-15
3.3e-15
3.36e-15
3.3e-15
3.54e-15
3.4e-15
3.56e-15
3.72e-15
3.72e-15
3.66e-15
3.88e-15
3.76e-15
3.98e-15
3.98e-15
3.96e-15
3.96e-15
