4.8e-16
5.4e-16
7.8e-16
8e-16
8.4e-16
9.6e-16
9.4e-16
9.8e-16
1e-15
1e-15
1.08e-15
1.08e-15
1.26e-15
1.4e-15
1.54e-15
1.66e-15
1.88e-15
1.94e-15
1.86e-15
2.06e-15
2.08e-15
2.16e-15
2.24e-15
2.28e-15
2.34e-15
2.44e-15
2.5e-15
2.6e-15
2.8e-15
2.78e-15
2.92e-15
2.98e-15
3.06e-15
3.2e-15
3.36e-15
3.44e-15
3.5e-15
3.94e-15
3.92e-15
4.1e-15
4.18e-15
4.54e-15
4.64e-15
4.82e-15
4.98e-15
5.16e-15
5.22e-15
5.5e-15
5.38e-15
5.58e-15
5.72e-15
5.76e-15
5.88e-15
5.98e-15
5.9e-15
6.1e-15
6.04e-15
6.26e-15
6.36e-15
6.48e-15
6.7e-15
6.5e-15
6.78e-15
7.04e-15
6.82e-15
7.06e-15
6.84e-15
7.26e-15
7.2e-15
7.32e-15
7.5e-15
7.62e-15
7.44e-15
7.72e-15
7.74e-15
7.88e-15
8.16e-15
8.32e-15
8.56e-15
8.5e-15
8.78e-15
9.02e-15
9.4e-15
9.62e-15
1.004e-14
1.042e-14
1.062e-14
1.078e-14
1.124e-14
1.146e-14
