0.0
0.0
0.0
0.0
0.0
0.0
0.0
0.0
6e-17
2e-17
1e-16
8e-17
2.8e-16
3e-16
4.4e-16
4.6e-16
8e-16
7e-16
7.4e-16
9.2e-16
9.2e-16
9.4e-16
1e-15
1e-15
9.8e-16
1e-15
1e-15
1e-15
1e-15
1e-15
1e-15
1e-15
1e-15
1e-15
1e-15
1e-15
1.02e-15
1e-15
1e-15
1.08e-15
1.06e-15
1.12e-15
1.12e-15
1.16e-15
1.24e-15
1.44e-15
1.44e-15
1.38e-15
1.54e-15
1.68e-15
1.8e-15
1.82e-15
1.88e-15
1.92e-15
1.96e-15
1.98e-15
1.98e-15
2e-15
2e-15
2e-15
2.02e-15
2.1e-15
2.08e-15
2.04e-15
2.22e-15
2.16e-15
2.32e-15
2.34e-15
2.36e-15
2.48e-15
2.64e-15
2.64e-15
2.78e-15
2.78e-15
2.84e-15
2.88e-15
2.94e-15
2.96e-15
3e-15
3.04e-15
3.1e-15
3.04e-15
3.02e-15
3.12e-15
3.06e-15
3.1e-15
3.14e-15
3.24e-15
3.32e-15
3.44e-15
