7e-16
8.6e-16
1e-15
1.02e-15
1e-15
1.1e-15
1.1e-15
1.2e-15
1.38e-15
1.78e-15
1.9e-15
1.94e-15
2.08e-15
2.02e-15
2.06e-15
2.18e-15
2.48e-15
2.44e-15
2.58e-15
2.8e-15
3.04e-15
3.1e-15
3.2e-15
3.16e-15
3.56e-15
3.72e-15
4.26e-15
4.28e-15
4.36e-15
4.82e-15
4.96e-15
5.08e-15
5.08e-15
5.1e-15
5.32e-15
5.66e-15
5.3e-15
5.6e-15
5.86e-15
5.9e-15
5.92e-15
6.06e-15
6.44e-15
6.48e-15
6.76e-15
6.46e-15
6.68e-15
7.1e-15
6.86e-15
6.8e-15
7.18e-15
7.28e-15
7.28e-15
7.74e-15
8e-15
8.24e-15
7.8e-15
8.12e-15
8.62e-15
9.14e-15
9.86e-15
1.002e-14
1.096e-14
1.15e-14
1.196e-14
1.236e-14
1.178e-14
1.258e-14
1.286e-14
1.326e-14
1.32e-14
1.322e-14
1.35e-14
1.364e-14
1.382e-14
1.412e-14
1.386e-14
1.384e-14
1.442e-14
1.5e-14
1.432e-14
1.434e-14
1.452e-14
1.516e-14
1.53e-14
1.59e-14
1.598e-14
1.604e-14
1.606e-14
1.598e-14
