0.0
2e-17
6e-17
1.4e-16
1.8e-16
4e-16
4e-16
5.8e-16
7.4e-16
7e-16
8.8e-16
9.6e-16
9.2e-16
1e-15
1e-15
1e-15
1e-15
1e-15
1e-15
1e-15
1e-15
1e-15
1.04e-15
1.04e-15
1.1e-15
1.18e-15
1.28e-15
1.34e-15
1.54e-15
1.52e-15
1.78e-15
1.88e-15
1.86e-15
1.9e-15
1.98e-15
1.96e-15
2.1e-15
2.06e-15
2.2e-15
2.18e-15
2.22e-15
2.26e-15
2.44e-15
2.54e-15
2.48e-15
2.62e-15
2.84e-15
2.7e-15
2.92e-15
2.88e-15
2.96e-15
3e-15
3e-15
3.08e-15
3.12e-15
3.18e-15
3.26e-15
3.24e-15
3.28e-15
3.34e-15
3.4e-15
3.34e-15
3.48e-15
3.68e-15
3.64e-15
3.76e-15
3.88e-15
3.94e-15
4.02e-15
4.04e-15
4.18e-15
4.42e-15
4.46e-15
4.52e-15
4.54e-15
4.76e-15
4.84e-15
4.86e-15
4.96e-15
5.08e-15
5.24e-15
5.3e-15
5.56e-15
5.72e-15
5.7e-15
5.96e-15
5.88e-15
6.1e-15
6.1e-15
6.24e-15
