1.4e-16
2.6e-16
4.8e-16
5.2e-16
5.4e-16
8.4e-16
9.4e-16
9.4e-16
9.8e-16
1e-15
9.8e-16
1e-15
1.02e-15
1e-15
1.08e-15
1.08e-15
1.12e-15
1.24e-15
1.3e-15
1.56e-15
1.64e-15
1.78e-15
1.9e-15
1.88e-15
1.98e-15
2.02e-15
2.06e-15
2.16e-15
2.14e-15
2.24e-15
2.42e-15
2.34e-15
2.56e-15
2.66e-15
2.74e-15
2.64e-15
2.74e-15
2.88e-15
2.9e-15
3e-15
3e-15
3.14e-15
3.24e-15
3.32e-15
3.48e-15
3.44e-15
3.54e-15
3.66e-15
3.84e-15
3.82e-15
4.1e-15
4.16e-15
4.32e-15
4.42e-15
4.66e-15
4.7e-15
5.02e-15
5.06e-15
5.14e-15
5.42e-15
5.4e-15
5.72e-15
5.7e-15
5.96e-15
6.18e-15
6.14e-15
6.02e-15
6.16e-15
6.08e-15
6.38e-15
6.4e-15
6.6e-15
6.64e-15
6.76e-15
6.74e-15
6.8e-15
7.02e-15
7.12e-15
7.18e-15
7.1e-15
7.24e-15
7.2e-15
7.46e-15
7.5e-15
7.42e-15
7.7e-15
7.6e-15
7.66e-15
7.9e-15
7.8e-15
