0.0
0.0
2e-17
4e-17
6e-17
1.8e-16
3e-16
2.8e-16
6.2e-16
6.4e-16
7e-16
8.4e-16
8.6e-16
9.4e-16
9e-16
1e-15
9.8e-16
9.8e-16
1e-15
1e-15
1e-15
1e-15
1e-15
1e-15
1e-15
1e-15
1.06e-15
1.08e-15
1.14e-15
1.24e-15
1.32e-15
1.42e-15
1.42e-15
1.58e-15
1.68e-15
1.7e-15
1.78e-15
1.86e-15
1.96e-15
1.98e-15
2.02e-15
2e-15
2.02e-15
2.1e-15
2.08e-15
2.2e-15
2.3e-15
2.26e-15
2.54e-15
2.44e-15
2.64e-15
2.8e-15
2.7e-15
2.72e-15
2.9e-15
2.9e-15
2.82e-15
2.9e-15
2.92e-15
2.96e-15
2.98e-15
3.14e-15
3.12e-15
3.12e-15
3.16e-15
3.3e-15
3.26e-15
3.34e-15
3.4e-15
3.4e-15
3.62e-15
3.56e-15
3.56e-15
3.72e-15
3.86e-15
3.94e-15
3.8e-15
3.94e-15
4e-15
4.16e-15
4.18e-15
4.22e-15
4.28e-15
4.44e-15
4.6e-15
4.66e-15
4.66e-15
4.86e-15
5.04e-15
5.08e-15
