0.0
0.0
0.0
0.0
0.0
0.0
0.0
0.0
0.0
0.0
0.0
0.0
0.0
0.0
2e-17
6e-17
1e-16
1.4e-16
2.4e-16
2e-16
4.4e-16
4.8e-16
4.6e-16
6.4e-16
8.4e-16
8e-16
8.4e-16
8.8e-16
9.6e-16
9.8e-16
1e-15
1e-15
1e-15
9.8e-16
1e-15
1e-15
1e-15
1e-15
1e-15
1e-15
1e-15
1e-15
1e-15
1e-15
1.02e-15
1e-15
1.02e-15
1e-15
1.02e-15
1.02e-15
1.04e-15
1.08e-15
1.12e-15
1.18e-15
1.06e-15
1.14e-15
1.22e-15
1.38e-15
1.42e-15
1.48e-15
1.5e-15
1.64e-15
1.7e-15
1.62e-15
1.78e-15
1.84e-15
1.92e-15
1.86e-15
1.92e-15
1.96e-15
2e-15
1.94e-15
2e-15
1.98e-15
2e-15
2e-15
2e-15
2.06e-15
2.04e-15
2.1e-15
2.04e-15
2.2e-15
2.12e-15
2.28e-15
2.34e-15
2.38e-15
2.42e-15
2.28e-15
2.58e-15
2.62e-15
