3.8e-16
5e-16
7.2e-16
7.6e-16
8.2e-16
9e-16
1e-15
9.8e-16
1e-15
1e-15
1.02e-15
1.04e-15
1.1e-15
1.22e-15
1.34e-15
1.62e-15
1.58e-15
1.82e-15
1.92e-15
1.92e-15
2e-15
2e-15
2.1e-15
2.32e-15
2.18e-15
2.3e-15
2.4e-15
2.52e-15
2.54e-15
2.76e-15
2.76e-15
2.9e-15
2.82e-15
2.9e-15
3.06e-15
3.14e-15
3.14e-15
3.1e-15
3.5e-15
3.62e-15
3.8e-15
4e-15
4.16e-15
4.32e-15
4.4e-15
4.6e-15
4.9e-15
5e-15
5.02e-15
5.42e-15
5.46e-15
5.4e-15
5.46e-15
5.8e-15
5.72e-15
5.88e-15
6.02e-15
6.08e-15
6.2e-15
6.32e-15
6.14e-15
6.66e-15
6.42e-15
6.52e-15
6.6e-15
6.78e-15
6.68e-15
6.78e-15
7e-15
6.96e-15
7.18e-15
7.38e-15
7.12e-15
7.42e-15
7.34e-15
7.58e-15
7.6e-15
7.92e-15
7.84e-15
7.78e-15
8.12e-15
8.04e-15
8.14e-15
8.42e-15
8.4e-15
8.52e-15
8.88e-15
8.98e-15
9.24e-15
9.44e-15
