3.8e-16
1.08e-15
1.48e-15
9.8e-16
2.74e-15
1.16e-15
1.24e-15
2.86e-15
1.4e-15
2.1e-15
1.62e-15
1.78e-15
1.66e-15
3.3e-15
2.78e-15
2.62e-15
3.42e-15
3.74e-15
4.16e-15
2.14e-15
6.82e-15
4.24e-15
4.06e-15
3.58e-15
9.04e-15
9.66e-15
5.3e-15
5.44e-15
4.3e-15
4.1e-15
6.2e-15
2.006e-14
9.56e-15
7.2e-15
7.62e-15
8.3e-15
4.42e-15
5.02e-15
1.382e-14
7.08e-15
2.22e-14
5.92e-15
1.132e-14
6.34e-15
8.58e-15
1.022e-14
1.028e-14
8.84e-15
1.02e-14
8.44e-15
1.13e-14
1.886e-14
1.21e-14
1.112e-14
1.122e-14
8.26e-15
9.48e-15
1.512e-14
1.128e-14
1.794e-14
3.052e-14
1.966e-14
1.7e-14
1.542e-14
2.136e-14
2.658e-14
2.5e-14
2.08e-14
2.816e-14
3.464e-14
3.014e-14
1.214e-14
1.39e-14
3.592e-14
1.894e-14
1.53e-14
1.438e-14
2.062e-14
2.72e-14
2.246e-14
1.404e-14
3.108e-14
2.366e-14
2.03e-14
1.588e-14
2.136e-14
1.27e-14
4.45e-14
2.36e-14
2.494e-14
