6.8e-16
8e-16
9e-16
1e-15
1e-15
9.8e-16
1.02e-15
1.04e-15
1.06e-15
1.26e-15
1.46e-15
1.9e-15
1.8e-15
1.92e-15
1.98e-15
2.04e-15
2.1e-15
2.14e-15
2.44e-15
2.42e-15
2.52e-15
2.62e-15
2.76e-15
2.82e-15
3.08e-15
3.08e-15
3.24e-15
3.2e-15
3.6e-15
3.76e-15
3.94e-15
4.3e-15
4.3e-15
4.66e-15
4.84e-15
4.82e-15
5.18e-15
5.04e-15
5.4e-15
5.36e-15
5.4e-15
5.7e-15
5.46e-15
5.7e-15
5.8e-15
6.04e-15
6.02e-15
6.06e-15
6.32e-15
6.04e-15
6.38e-15
6.7e-15
6.66e-15
6.68e-15
6.96e-15
6.94e-15
7.1e-15
7.3e-15
7.4e-15
7.76e-15
7.44e-15
7.8e-15
7.76e-15
7.84e-15
8.48e-15
8.46e-15
9.06e-15
9.3e-15
9.6e-15
1.002e-14
1.072e-14
1.072e-14
1.164e-14
1.212e-14
1.22e-14
1.254e-14
1.232e-14
1.282e-14
1.336e-14
1.322e-14
1.376e-14
1.386e-14
1.39e-14
1.388e-14
1.394e-14
1.454e-14
1.444e-14
1.476e-14
1.444e-14
1.49e-14
