7.6e-16
9e-16
9.4e-16
9.8e-16
1.06e-15
1.04e-15
1.08e-15
1.1e-15
1.3e-15
1.46e-15
1.84e-15
1.98e-15
2.02e-15
2.08e-15
2.1e-15
2.16e-15
2.24e-15
2.52e-15
2.48e-15
2.64e-15
2.8e-15
2.88e-15
2.82e-15
2.84e-15
3.06e-15
3.02e-15
3.52e-15
3.8e-15
3.96e-15
4.26e-15
4.5e-15
4.46e-15
4.68e-15
5.02e-15
4.86e-15
5.02e-15
5.22e-15
5.58e-15
5.46e-15
5.6e-15
5.88e-15
5.74e-15
5.98e-15
5.94e-15
6.06e-15
6.22e-15
6.2e-15
6.44e-15
6.56e-15
6.84e-15
6.8e-15
7.02e-15
6.94e-15
7.04e-15
7.04e-15
7.28e-15
7.28e-15
7.68e-15
7.92e-15
7.74e-15
8.4e-15
8.44e-15
8.72e-15
9.54e-15
9.6e-15
1.008e-14
1.066e-14
1.15e-14
1.176e-14
1.174e-14
1.238e-14
1.242e-14
1.262e-14
1.294e-14
1.358e-14
1.356e-14
1.344e-14
1.43e-14
1.382e-14
1.434e-14
1.464e-14
1.458e-14
1.404e-14
1.456e-14
1.506e-14
1.5e-14
1.49e-14
1.514e-14
1.486e-14
1.518e-14
