1.6e-16
4.6e-16
4.8e-16
5.8e-16
8.8e-16
9.8e-16
9.6e-16
9.2e-16
1e-15
9.6e-16
9.8e-16
1.04e-15
1.06e-15
1.12e-15
1.12e-15
1.24e-15
1.42e-15
1.38e-15
1.7e-15
1.84e-15
1.9e-15
1.94e-15
1.98e-15
2.02e-15
2.08e-15
2.24e-15
2.2e-15
2.26e-15
2.34e-15
2.54e-15
2.58e-15
2.54e-15
2.6e-15
2.8e-15
2.9e-15
2.96e-15
2.94e-15
2.96e-15
3.16e-15
3.24e-15
3.24e-15
3.52e-15
3.5e-15
3.86e-15
3.92e-15
4.04e-15
4.26e-15
4.32e-15
4.52e-15
4.9e-15
4.76e-15
4.82e-15
5.16e-15
5.26e-15
5.32e-15
5.44e-15
5.62e-15
5.8e-15
5.74e-15
5.84e-15
5.98e-15
6.14e-15
6.22e-15
6.38e-15
6.14e-15
6.44e-15
6.5e-15
6.46e-15
6.54e-15
6.7e-15
6.92e-15
6.88e-15
6.84e-15
7.04e-15
7.1e-15
7.1e-15
7.18e-15
7.14e-15
7.3e-15
7.58e-15
7.62e-15
7.68e-15
7.62e-15
7.82e-15
7.98e-15
8.02e-15
8.08e-15
8.12e-15
8.14e-15
8.52e-15
