0.0
0.0
0.0
0.0
0.0
0.0
0.0
0.0
0.0
0.0
0.0
0.0
0.0
0.0
0.0
0.0
0.0
0.0
0.0
0.0
0.0
0.0
2e-17
2e-17
4e-17
6e-17
0.0
1.4e-16
2e-16
2.4e-16
2.6e-16
3.2e-16
5.2e-16
6e-16
6.6e-16
6.2e-16
7.8e-16
8.8e-16
9e-16
9.6e-16
9.6e-16
1e-15
9.4e-16
1e-15
9.8e-16
1e-15
1e-15
1e-15
1e-15
1e-15
1e-15
1e-15
1e-15
1e-15
1e-15
1e-15
1e-15
1e-15
1e-15
1e-15
1e-15
1e-15
1e-15
1e-15
1e-15
1e-15
1.02e-15
1.04e-15
1.02e-15
1.04e-15
1.1e-15
1.04e-15
1.06e-15
1.16e-15
1.08e-15
1.22e-15
1.24e-15
1.22e-15
1.22e-15
1.28e-15
1.44e-15
1.36e-15
1.54e-15
1.64e-15
1.6e-15
1.8e-15
1.8e-15
1.84e-15
1.92e-15
1.88e-15
